116088366 40
81488535 50
139230890 50
129692299 50
47424405 50
89911336 50
60363608 50
121814022 50
80477682 50
79717977 50
69942514 40
50086256 50
67452110 50
61950975 50
97516885 50
134698858 50
73995122 50
139187641 50
139099083 50
63977456 50
63275398 50
66335099 50
4409096 50
72602343 50
83701149 50
131740688 50
121989645 50
138310228 40
72812796 50
120177811 50
71615470 50
72504662 50
59903214 50
57247637 50
51675029 50
50497102 50
74460294 50
136702251 50
51478034 50
74923043 50
35028830 40
123836830 50
136656542 40
136052315 40
132786486 50
136236062 50
57396518 50
60734311 40
122616088 50
91454246 50
101395859 50
57615935 50
52451541 50
130858387 40
120139983 40
88883890 50
128604688 50
63644333 40
134520468 50
138524576 50
120536221 50
63408688 40
61026908 50
54763920 50
136296472 50
22043363 50
74037266 50
137374915 30
58671992 40
51491347 50
83046392 50
58848551 50
73550521 50
137444724 50
67682278 10
49023458 50
126239848 40
136209305 50
133528527 40
135468115 50
61766488 50
63686319 50
85269919 40
81254035 50
132411871 50
27569639 50
2857306 50
108820031 50
139103119 50
85226455 50
115697701 40
102288876 50
89388424 40
66612132 50
72381227 50
136156775 50
139128601 50
59400066 50
65360552 50
59145239 50
63057785 50
42843317 40
2414459 50
60155180 50
70848809 50
2199382 50
115092605 50
120358975 50
36524942 40
129888594 50
89610000 50
76196243 40
89559624 50
90699969 50
122229839 50
98873154 50
134977345 50
77113989 50
67174243 50
128941186 50
83890574 50
63066664 50
134324511 50
84428483 40
130015221 50
132482180 50
130808926 50
122371956 50
67348033 50
74766862 50
80771449 50
66596223 50
77461430 40
48439426 50
46791105 50
48379360 50
49731141 50
33419498 50
62181626 30
46188146 50
50721753 50
136242897 50
131963075 50
57658984 50
46347016 50
$
139499942 50
139230890 50
121121159 40
129327432 50
97113166 50
54859134 50
71860049 40
121814022 50
80477682 50
53228107 50
89016897 50
91793355 50
56600434 40
121202332 50
136146890 50
130645929 50
50042142 40
138028859 50
139158197 50
96241491 40
60007236 50
138310228 40
1373254 40
139187641 50
40872596 50
135194121 50
53279905 50
4409096 50
100304328 50
134891468 50
84137263 40
72812796 50
131431957 50
72504662 50
57247637 50
50497102 50
69904453 40
68780776 50
126175574 50
74460294 50
134612955 50
39285091 40
74923043 40
35028830 40
123836830 50
102794628 50
132786486 50
102325439 50
52451541 50
63852038 50
134074810 50
132568854 40
88883890 50
63644333 50
4354073 50
139055776 50
136116568 50
125831887 50
138524576 40
120536221 50
124587187 40
63408688 40
61026908 50
128604688 50
136432777 50
58631682 50
124486824 40
137374915 40
126645356 50
132441188 50
61795520 50
59576470 50
83514699 40
58848551 50
137444724 30
63481272 50
47931790 50
136209305 50
133528527 40
131175458 50
63686319 40
138913631 30
85269919 40
49214280 40
125546785 50
136729492 50
108820031 50
121623088 50
125846982 50
102288876 50
66552634 50
72381227 40
66612132 50
74786885 50
38307781 40
119464315 40
131545244 50
59145239 50
131527494 50
138186224 50
120731669 50
36524942 40
138147783 50
89610000 50
129888594 50
21187542 40
72486400 50
98873154 50
77113989 50
134461071 50
83890574 40
63066664 40
131749198 40
134324511 40
84428483 50
132482180 40
35469101 50
106019096 40
67348033 50
47823882 40
80771449 50
46791105 50
48439426 50
62181626 50
124247478 50
50721753 50
136171825 50
127580315 50
62703970 50
129667126 50
136242897 50
121440717 40
90217363 50
48818672 50
73736961 50
131963075 50
110048369 50
90711941 40
77605076 40
58219775 50
102344136 50
135470134 50
53908862 50
$
41710578 50
81488535 50
139230890 50
134196709 50
121121159 50
135468115 50
127388231 50
71860049 50
47424405 50
131126442 50
121814022 50
80477682 50
91793355 40
56600434 40
75935112 50
50086256 50
136116502 50
73485664 40
134698858 50
44525821 50
136577916 30
53279905 40
132185770 50
4409096 50
100304328 50
66171715 50
83701149 50
131740688 50
122574009 50
75893501 50
77271654 50
139311784 50
72812796 50
72504662 50
119240610 50
59903214 50
57247637 50
116270086 50
50497102 50
69904453 50
136702251 50
74460294 50
51478034 50
51675029 50
65984074 50
74923043 40
123836830 50
57396518 40
132786486 40
136236062 40
136052315 40
57039476 50
102325439 50
91454246 50
133930122 50
57615935 40
107111673 50
52451541 50
137710817 50
63852038 30
130858387 40
130496108 50
88883890 50
138524576 50
120536221 50
63408688 40
61026908 50
80592792 50
136296472 50
74037266 50
115961631 50
70661446 50
137374915 40
51491347 50
56666949 50
60331188 50
53721822 50
59576470 50
58848551 50
73550521 50
137444724 50
138182622 40
49023458 50
88356225 50
55645617 40
63686319 40
45773772 50
108820031 50
129838963 50
58500469 50
72381227 40
66612132 50
115700922 40
50071224 50
38307781 40
119464315 50
59400066 50
59145239 50
42843317 50
82389718 50
2414459 50
60155180 50
70848809 40
115092605 40
89610000 50
67444588 50
131426333 50
84569100 40
53995912 40
71259453 50
58294250 50
4390470 40
48379360 40
54406289 50
77113989 50
83890574 50
81375635 50
134324511 50
14483687 50
84428483 50
3376440 40
73673659 30
132482180 50
106019096 40
59467937 50
67348033 50
80771449 50
88075202 50
46791105 40
48439426 50
132432039 50
49731141 50
40433454 50
62181626 50
46188146 50
124247478 50
35050827 40
69033323 30
138319728 50
136171825 40
56137069 50
129667126 50
56406197 50
130540894 40
131963075 50
46347016 40
90711941 50
52338301 50
131660458 50
$
81488535 50
135618364 40
67041256 50
54859134 30
84793562 50
135354339 50
72602343 50
64218290 40
75304185 50
133650745 50
72426206 50
83354029 50
134847061 50
138147783 50
139158197 50
136577916 40
83894935 50
4409096 50
79328824 50
100304328 50
137605172 50
66171715 50
130349801 50
57716182 50
131221691 50
83701149 50
126041738 50
127464203 50
2039717 50
70475603 30
41752920 50
72504662 30
136116568 50
119240610 50
45757228 50
50497102 50
33488275 50
74460294 50
51478034 50
133058251 40
35028830 50
136656542 50
123836830 50
27910549 40
132786486 40
136052315 40
136236062 40
91454246 50
120631397 40
137710817 50
134074810 50
120139983 50
61202840 50
63408688 50
61026908 50
47183443 50
139077398 50
50811235 50
70661446 50
65992716 50
56666949 50
59576470 40
83514699 40
48276437 40
58848551 50
137444724 50
63481272 50
49023458 50
4267924 40
133528527 50
72764550 50
94859250 50
63686319 40
138913631 50
137732983 40
131783374 50
131563691 10
125546785 50
59145239 50
131366965 50
108820031 50
128783347 50
129838963 50
122608844 50
104276562 50
74786885 50
59400066 50
38307781 40
119464315 50
53142647 30
82389718 50
89610000 50
131527494 50
36524942 50
129888594 50
129312588 40
90699969 50
92306282 50
54780204 50
2320257 50
137680580 40
98873154 50
81375635 50
132482180 50
67348033 50
122371956 50
80771449 50
102546806 50
96370254 50
62181626 50
133265295 50
74975671 40
136171825 50
41604448 50
129667126 50
56406197 50
136242897 40
121440717 40
90217363 50
3766785 30
73736961 50
45952823 40
46347016 40
36476588 50
110048369 40
90711941 50
53908862 50
132081845 50
26220025 50
83426776 50
48993122 50
70187438 50
131369152 50
62284782 50
131886768 50
36609901 50
121673899 50
52728523 50
47821976 40
125519331 40
48459300 50
3898792 50
94353228 50
119431401 50
129393051 50
90717979 30
46431466 50
119733416 50
59046986 50
42095518 50
136212270 50
129355770 40
135223900 50
66627911 50
50078346 50
91294728 30
51677550 50
75570688 50
133001851 50
59565359 50
138830311 50
$
3540441 50
116088366 50
63595738 50
81488535 50
51669155 50
122229839 40
75646355 50
80477682 50
91793355 40
50086256 50
83701149 50
63214705 40
100304328 50
128955629 50
125675802 40
49815117 30
122933889 50
121216453 50
75785066 50
59935679 50
72504662 50
56867988 50
59903214 50
46188146 50
136656542 50
57615935 50
51675029 50
1269929 50
123836830 40
74187051 40
72701666 50
91454246 50
87993981 50
52451541 50
63852038 40
130295516 50
52706338 50
66741851 50
63408688 40
121113521 50
3006570 50
139377489 50
70466601 50
65992716 50
64578424 50
56666949 50
59576470 50
58848551 50
73550521 40
137444724 50
49023458 50
126239848 50
64444161 50
136989090 40
61766488 50
63686319 50
51885906 50
89435562 50
131366965 50
102288876 50
38307781 40
119464315 50
138716028 50
131527494 50
136198268 40
127976095 40
80647214 50
74232348 50
35265612 40
97977278 50
54406289 50
77113989 50
83890574 50
4239816 50
126175574 50
137555231 50
4260081 50
81375635 50
96880313 50
43830326 50
48379360 50
83208334 50
33419498 50
62181626 50
80009231 50
51610407 50
130391371 50
52347601 40
124479334 50
55620981 50
135605811 50
27068382 50
87877332 50
135444314 50
78052449 50
65266802 50
62635849 40
120537657 50
48993122 50
52105471 50
36609901 50
126923894 50
38621388 50
4062896 50
69160676 50
60240908 50
91393543 40
137136639 40
2896461 50
125519331 40
63631610 50
65854801 50
122891503 50
73994161 50
61267740 50
139608834 40
4591739 40
133867495 50
54803053 50
77326712 50
50078346 50
102148062 50
66896059 50
60686370 50
139604555 40
91294728 30
138830311 50
42260098 40
108298969 40
139351321 50
59565359 50
136480511 50
49803921 40
51985591 50
72118040 50
69506323 50
139598902 50
115284786 50
135297664 50
79606486 40
54924456 40
82678258 40
4568251 40
65570357 50
136354176 50
38045149 50
29104449 50
47071616 50
130883300 50
68797277 50
133479580 40
124266239 50
59604104 50
64403051 50
134543446 40
138729214 50
76693450 50
$
81488535 50
40949163 50
54859134 40
138853765 50
80477682 50
41574727 40
56600434 40
131186363 50
50086256 50
67452110 50
104492031 50
10418659 40
1373254 50
30096204 50
75946730 50
4409096 50
100304328 50
50747683 50
115284786 40
72602343 40
83701149 50
46867582 40
131431957 50
138310228 40
72504662 50
57247637 50
119240610 40
116270086 50
136116568 50
50497102 50
136656542 50
51478034 50
137502504 40
123836830 50
132786486 40
129471936 50
136236062 50
57615935 30
52451541 50
128604688 50
98231147 40
62866651 40
65640434 40
130858387 40
63644333 40
133916872 50
138524576 40
51990836 40
61026908 40
136432777 50
72805274 30
50811235 50
56666949 50
134737844 50
58848551 50
137444724 50
110078337 40
133528527 40
136209305 50
135468115 50
61766488 50
63686319 50
121999090 50
84835869 50
85269919 50
135940540 40
102288876 40
125544960 50
89388424 40
66612132 50
63378626 50
129838963 50
119464315 50
59145239 50
101030577 50
2208249 50
70848809 40
4568251 50
138050477 50
129617606 50
2320257 40
120889298 50
77113989 50
132482180 40
83890574 50
81375635 50
1389065 40
138443791 30
110304301 50
76452632 50
48439426 50
48379360 50
62181626 40
94353228 50
130540894 40
46347016 50
90711941 50
36476588 50
110048369 40
52338301 50
138203056 40
135470134 50
27068382 40
78052449 50
48993122 50
69506323 40
55834735 50
52867875 50
107103023 50
124524617 50
3898792 50
139608133 50
3686117 40
135643027 50
123264870 50
22635563 40
88807603 50
102148062 50
139604555 50
136212270 50
75570688 50
138830311 40
108298969 30
47039069 50
96511356 50
130420442 50
49803921 50
69159429 40
57724162 50
139598902 50
79606486 50
136354176 50
57978267 50
47071616 50
68797277 50
80357974 50
132995743 50
76693450 50
82198031 40
122104657 50
133239170 40
$
71860049 30
121982943 50
50086256 50
42568057 50
10418659 40
84015091 30
66335099 40
4409096 50
50747683 40
72602343 50
84325006 50
83701149 50
72411034 40
77271654 50
128769519 50
3390494 50
84027703 50
72504662 50
62061071 50
50497102 50
51675029 40
27910549 40
57396518 50
136052315 40
2528687 50
107111673 50
122007529 50
52451541 50
25929909 50
88883890 50
63644333 40
49818090 40
49471896 50
136296472 50
139077398 50
137374915 40
65992716 50
49023458 50
137444724 50
63481272 50
129253408 50
126239848 50
136209305 40
63686319 50
74647041 30
63902235 40
46445426 50
60909294 40
102288876 50
59400066 30
126805865 50
42843317 50
139128601 50
50165261 40
73548999 50
138050477 50
54780204 50
54406289 50
48124053 50
34499607 50
46791105 40
48379360 40
33419498 50
62181626 40
136171825 50
108564338 40
56406197 40
130072814 50
128640121 50
90711941 40
52338301 50
137572417 40
135605811 50
134172958 40
135470134 50
52616115 50
42111921 50
2085769 50
48993122 50
52867875 50
57349503 50
36609901 50
4062896 40
65486503 50
83701337 50
46431466 40
63631610 50
94353228 50
126640822 50
91497506 50
122357496 50
73994161 50
59046986 50
131093300 40
139608133 50
76022100 50
94949440 40
4552770 50
139604555 40
75570688 50
78673342 50
42260098 50
49803921 40
51985591 50
139599791 50
69506323 50
79606486 50
3246250 50
44034206 50
136354176 50
123710346 50
47071616 50
130883300 40
126754545 50
114581074 50
132299104 50
60588744 50
134543446 40
76693450 50
133588386 50
74230217 50
138229028 50
137653815 50
136961404 50
125629510 50
127580608 50
16983671 50
47799182 40
139073691 40
104336409 50
136261681 30
66369272 50
82136129 40
61543245 50
2586217 50
96481914 50
73974685 50
133114367 50
65155400 50
91713449 50
35032628 50
51737837 40
130815061 50
49177610 50
$
81488535 50
137222165 40
71860049 50
129356588 40
44182899 50
121814022 50
56600434 40
39284917 40
10418659 40
139099083 50
69111577 50
53279905 50
4409096 50
136577916 50
102883079 50
115147666 50
127464203 40
77271654 50
49308454 40
120177811 40
84027703 40
72504662 50
71615470 50
1902232 30
51675029 50
58941349 50
138205333 50
129471936 50
71936539 50
132786486 40
81364834 40
136236062 50
92378383 50
57972505 40
62866651 30
120139983 50
88883890 50
49818090 50
134520468 40
63408688 50
136296472 40
136432777 50
124824217 30
60980982 40
126645356 50
56666949 50
59576470 40
53721822 40
83514699 40
73550521 50
58848551 50
136209305 40
133528527 40
61766488 50
66547713 40
85269919 40
45773772 50
59145239 40
49116114 40
75533679 30
108820031 40
85226455 50
50374061 50
50721178 50
89388424 50
66612132 50
38307781 40
74786885 50
119464315 50
134879624 40
68797277 50
70848809 40
69642549 50
131527494 50
129888594 40
122229839 40
72486400 50
138523828 40
77113989 50
93450332 50
67174243 50
48124053 50
83890574 50
134324511 50
138778398 40
84428483 50
138497457 50
67348033 50
67165803 50
135605811 50
80771449 40
46791105 40
48439426 40
48379360 40
86850050 50
74975671 40
3108239 30
69033323 50
2766446 40
136242897 50
130001706 50
45517078 50
139139454 40
139007332 50
138203056 50
46347016 40
103706451 40
129191002 50
135470134 50
126239848 40
52616115 50
135444314 40
26220025 40
48993122 50
49077360 30
68858619 50
60065751 50
131369152 30
62284782 50
36609901 40
127328593 50
47776967 40
125699414 50
125519331 40
81104948 50
132244971 50
3898792 40
137136639 40
2896461 50
94353228 50
90717979 40
68530523 50
59046986 50
131093300 40
$
41710578 40
81488535 50
131517022 50
3808432 50
80131230 50
71860049 50
50257306 50
3455603 50
138821629 50
50086256 40
136888025 50
91793355 50
60363608 50
63689741 50
53279905 50
80443846 50
57978267 50
84027703 50
66111087 40
72504662 50
46766109 50
46188146 40
69904453 50
115728568 50
57615935 50
92140787 40
52451541 50
63852038 40
62866651 30
49818090 40
3189714 40
73555101 50
63408688 30
65992716 50
56666949 50
58848551 50
73550521 50
54893530 50
133528527 40
124156376 50
85269919 40
91303241 50
38307781 40
139302464 50
59391449 50
90812716 50
72486400 50
138523828 40
54406289 40
83890574 50
60186664 40
128178661 50
134324511 40
84428483 40
45135037 50
73673659 40
46791105 50
103644375 50
48379360 30
62181626 50
77290020 30
86850050 50
50721753 50
40299042 50
36476588 50
136729492 50
66592117 50
110048369 50
52338301 50
135470134 50
134516953 50
26220025 30
51433287 50
48993122 50
77037984 30
46408896 50
127328593 50
52616115 40
133934636 40
36609901 40
99983803 50
80914776 50
3898792 40
126640822 30
73994161 50
58923889 40
120704773 50
139606457 40
136477564 50
50078346 50
55355246 40
48781656 50
102148062 40
121900235 40
138830311 40
38995704 40
136212270 50
90717979 50
59096480 50
131196223 50
43614255 50
32807700 50
84781473 30
53309001 40
49803921 50
139601229 50
83719821 50
54742641 50
79606486 40
122097294 50
131978478 30
43717419 50
133913751 50
67454532 50
82678258 40
129655166 50
136354176 50
69506323 50
46942670 50
47071616 50
130883300 50
130258679 50
133479580 40
55341093 50
138729214 50
132995743 50
76693450 40
74230217 50
138314608 50
133239170 40
2699586 50
103225342 50
47039069 50
114657972 50
$
126773101 40
139230890 50
71860049 50
103744729 40
68712014 50
80477682 40
56600434 40
137709676 40
133951584 50
130325412 50
88199823 40
130130087 30
50891343 50
98944241 40
53279905 50
34211772 30
59955773 40
136577916 50
83701149 50
84137263 50
80443846 40
121989645 50
56912567 50
98101886 50
109064219 50
115290634 50
72812796 40
138310228 40
65823301 50
50497102 50
69904453 40
57615935 40
123836830 40
70005643 40
128599167 50
57396518 50
136052315 40
78458137 50
102325439 50
56580592 50
120536221 40
91454246 50
4031312 40
59316925 50
43233249 40
52451541 50
122236054 50
63852038 40
130858387 50
88883890 50
63644333 40
63408688 50
47183443 50
136432777 50
70661446 50
65992716 40
137374915 40
51882798 50
60980982 40
56666949 40
132482180 50
120943599 50
58848551 50
73550521 50
121079544 40
1738272 40
138182622 40
49023458 50
4183627 30
136209305 50
114722635 40
94859250 50
133528527 40
63686319 40
51885906 50
62181626 30
71183775 50
74435589 50
42843317 50
115697701 40
121623088 50
102288876 50
58500469 50
95187116 50
138524576 50
38307781 40
59400066 50
59145239 50
54737988 50
69642549 50
49498922 50
36524942 50
138050477 50
82008062 50
37359147 30
54406289 50
126175574 50
137840158 40
134324511 40
106019096 40
54783483 50
4472921 50
137510053 50
80771449 50
46791105 40
108278976 50
139177874 30
86850050 40
48439426 50
84810654 50
136242897 50
130540894 40
36476588 50
46347016 50
90711941 50
50721753 50
110048369 50
52338301 50
138796328 50
101899713 50
135470134 50
53908862 50
94842809 40
138203056 50
83126191 40
48993122 40
49077360 50
131369152 40
52867875 40
138814256 50
125699414 50
36609901 50
129172643 50
124815164 50
135240516 50
81104948 50
46431466 40
64703908 50
83504699 50
48433802 50
91497506 50
58110573 50
$
132143197 50
81488535 50
121121159 50
137222165 50
115657337 50
72099145 50
137824943 40
130130087 40
66613870 50
52357915 50
115312438 50
69111577 50
40872596 50
136577916 30
66335099 50
53279905 50
100304328 50
46038574 50
72602343 50
57950973 50
77271654 50
120177811 40
131431957 50
72504662 50
51675029 50
62061071 50
107111673 50
119240610 50
50497102 50
69904453 40
136656542 50
137444724 40
53387360 50
65984074 50
57396518 40
132786486 40
139235232 50
1963507 50
136164531 50
52451541 50
57972505 50
134698858 50
62866651 40
128604688 50
137062471 40
72812796 50
120139983 50
80432634 50
49818090 40
138524576 50
120536221 40
124587187 40
63408688 40
136432777 50
61202840 50
50721753 50
56666949 50
121623088 40
59576470 50
58848551 50
1738272 40
49023458 50
120710066 50
133528527 50
63686319 40
45773772 50
63902235 40
49116114 40
135940540 50
89388424 50
59400066 50
119464315 40
134879624 40
59145239 50
138186224 50
139128601 50
60155180 50
123112253 50
36524942 40
21187542 50
53211526 40
98873154 50
33053892 50
81375635 50
138529641 50
120336940 50
51485552 50
84428483 40
132482180 50
67165803 50
4472921 50
80771449 40
58113252 50
46791105 40
122371956 50
48379360 40
49319049 30
40433454 50
62181626 50
48439426 50
129667126 50
136242897 50
36476588 50
131963075 40
57658984 50
46347016 40
110048369 50
135470134 50
53908862 50
52616115 40
127345794 50
135444314 50
46120825 50
139238480 40
49077360 50
68858619 50
131369152 50
52867875 50
36609901 50
124524617 50
125519331 30
34733138 50
46431466 50
3898792 50
94353228 50
91497506 50
59046986 30
2441031 40
135643027 50
60213171 50
139604773 50
66627911 50
54803053 50
139604555 40
69506323 40
102148062 50
121606982 50
136212270 50
66238829 50
42260098 50
$
139230890 40
122229839 50
71860049 50
57951942 50
80477682 40
36255323 50
83354029 50
50086256 40
91793355 50
137824943 50
70209071 50
138853765 40
74642907 50
115312438 50
136577916 30
84137263 50
121989645 50
63276490 30
135869676 50
72504662 50
119240610 50
50497102 50
126818106 50
2071883 50
51675029 50
74923043 50
136052315 40
132786486 50
102325439 50
66340058 50
130654776 50
92378383 40
134234106 40
57615935 30
58013131 50
43233249 50
127351848 50
52451541 50
63852038 30
50023055 40
120139983 50
88883890 50
49818090 40
61202840 50
73994161 50
63408688 40
61026908 50
136296472 50
74037266 50
4734960 50
136432777 50
126645356 50
56666949 40
50066359 50
58848551 50
132441188 50
137444724 50
122653287 40
49023458 30
4183627 40
123639058 50
94859250 50
49116114 40
87691131 50
108820031 50
139103119 40
87730263 50
50071224 40
38307781 40
119464315 50
59400066 40
134879624 40
2208249 50
139128601 50
69642549 50
107594537 50
116005944 50
72486400 50
54406289 50
77113989 50
67174243 50
48124053 40
83890574 50
132482180 40
137510053 40
50074599 40
80771449 40
61753912 50
46791105 50
48379360 40
62181626 50
50721753 40
124247478 40
48439426 50
138918157 50
136171825 50
138319728 50
68870195 40
56406197 50
85061842 50
61287224 40
90711941 40
46347016 50
138203056 40
110048369 50
36476588 50
135470134 50
53908862 40
132272414 40
48993122 50
49077360 40
60065751 50
53470682 50
138814256 50
137723248 50
3480532 50
4062896 40
125519331 40
61888159 50
38995704 50
91296160 50
90717979 40
94353228 50
59046986 10
135643027 50
2441031 30
131093300 40
125971717 40
136477564 50
132145463 30
50078346 50
102148062 50
75570688 50
136212270 40
78673342 50
4867892 40
43614255 40
$
81488535 50
139230890 50
80477682 40
70209071 40
56600434 50
135140954 50
41741073 40
102342272 40
64174690 50
67370682 30
69111577 40
72602343 50
95382029 40
122574009 50
2571425 40
72504662 50
51478034 50
81667410 40
119240610 50
136656542 40
46188146 50
57615935 40
74923043 50
123836830 40
132786486 40
102325439 50
62837988 40
101395859 50
130360009 40
62866651 40
130858387 40
120139983 30
128604688 50
49818090 50
131792783 50
56415499 50
63408688 50
136296472 50
74037266 50
132463662 50
115961631 50
65992716 50
56666949 50
132441188 50
83514699 40
58848551 50
104666436 50
137444724 40
61766488 50
63686319 50
125846982 50
54915058 50
42843317 40
66612132 50
56545752 50
139128601 50
2208249 50
120731669 50
129312588 40
53095027 50
77113989 40
83890574 50
81375635 50
126175574 50
137840158 40
57183146 50
134324511 50
48428431 40
130544100 50
124792746 50
62181626 40
138319728 50
40299042 40
136171825 40
46347016 50
110048369 40
52338301 50
112112127 50
135470134 50
138203056 50
134516953 40
57658984 50
75570688 50
132081845 50
26220025 40
48993122 50
52867875 50
136556640 50
36609901 40
133934636 50
54444977 40
58851483 40
36957705 40
3898792 50
47776967 50
125519331 40
59046986 40
120704773 50
89823193 40
92099902 50
102148062 40
136212270 40
138830311 50
42260098 40
78673342 40
47039069 50
49803921 50
2746168 50
79606486 40
61446464 50
68514552 50
56446895 50
136354176 40
1251538 40
3246250 50
46942670 40
136849663 50
47071616 40
53381748 40
55341093 50
68797277 50
132995743 50
52968030 50
64849568 30
124859063 40
62423565 50
76693450 50
82198031 40
139073691 40
138314608 40
78137840 50
135771377 50
127580608 40
62438769 50
127024293 50
138918157 50
69948239 50
69985624 50
65054559 50
50374061 50
81380039 40
136945776 50
135373771 50
61131427 50
119370737 40
66369272 50
114734252 50
138182622 50
$
1486270 30
81488535 50
139230890 50
137222165 30
75901513 50
121714764 50
56600434 40
2351722 50
10418659 40
137824943 50
73989380 40
2132616 40
59245323 50
66171715 50
83701149 50
137466112 50
80070772 50
84027703 50
72504662 50
71615470 50
138913631 30
51675029 40
136702251 50
56912567 40
123836830 40
132786486 40
91454246 50
52451541 50
57972505 50
134074810 40
120139983 40
63644333 50
55558623 50
61026908 50
63408688 50
74037266 50
115961631 50
126645356 50
59576470 40
83514699 50
138501654 40
73550521 50
137444724 50
133528527 30
126782028 50
64930918 50
85269919 50
125846982 50
34533889 40
13129748 40
108820031 50
77419257 50
102288876 50
129838963 50
138524576 40
66612132 50
50305569 50
89388424 40
70161503 40
74786885 50
119464315 40
136520138 50
134879624 40
59400066 30
59145239 50
65929985 50
139128601 50
101030577 30
2208249 50
43463611 50
60155180 40
69642549 50
120731669 50
129888594 40
89610000 50
94949440 50
129312588 40
78772769 40
124498756 50
77381403 50
26600501 50
131660458 30
73913563 50
128941186 50
131607718 50
81375635 50
132482180 40
80771449 50
25227283 50
48439426 50
62181626 40
135777400 50
55959463 50
45517078 50
46347016 50
131673956 40
138203056 40
110048369 50
52338301 40
80650595 40
68002540 50
135470134 50
52616115 40
127345794 50
135444314 50
48993122 50
139200947 50
115284786 40
138587682 50
60065751 50
131886768 50
132244971 50
130360009 40
47776967 50
3898792 50
94353228 50
91497506 50
90717979 40
135643027 50
63057308 40
139606457 40
137795473 50
50078346 50
55355246 30
136212270 40
42260098 50
4867892 50
108298969 50
132635882 50
49803921 50
79606486 50
78144333 50
$
41710578 50
137943957 40
135468115 50
115657337 40
122229839 40
71860049 50
2747510 50
56600434 50
48757078 40
136146890 50
50086256 40
69942514 40
10418659 40
69111577 30
102794628 50
133718465 40
53279905 50
110752603 40
77271654 50
49308454 40
70475603 50
46188146 40
51675029 40
62061071 50
51478034 50
119240610 40
136656542 50
4704070 50
47687804 50
129471936 50
132786486 40
119321352 50
62866651 40
136328673 40
88883890 50
73994161 50
61026908 50
63408688 50
136296472 50
47183443 30
65992716 40
56501599 50
126645356 50
56666949 50
59576470 40
138501654 50
58848551 50
73550521 50
2759174 40
85269919 40
45773772 50
46445426 50
49116114 40
56446895 50
102288876 40
73555101 40
119464315 50
59145239 40
2414459 50
60155180 50
70848809 50
83262608 50
110165674 40
90812716 50
117326075 50
77113989 50
54406289 40
135605811 50
126175574 50
51485552 50
84428483 50
103397941 50
106019096 40
57893829 50
80771449 50
46791105 50
48439426 40
48379360 40
40433454 50
74975671 50
136171825 40
69033323 40
40299042 40
139139454 40
70519204 40
138203056 40
110048369 40
135470134 50
53908862 50
26220025 40
3336248 50
48993122 50
49077360 30
2664199 40
29965508 50
60065751 50
36609901 40
127328593 50
4062896 40
125699414 50
125519331 30
2946082 40
94353228 50
59046986 50
139608133 50
102148062 50
50078346 40
91294728 30
138830311 50
69537822 40
59096480 50
73314042 40
49803921 50
132635882 50
51985591 50
68419229 50
79606486 50
54742641 50
2076715 40
57590698 40
47597524 40
69506323 40
82678258 50
66689721 30
136354176 50
2439961 40
46942670 40
47071616 40
103881370 50
75428363 50
124306013 40
132995743 50
124859063 40
76693450 40
104276562 50
84543620 50
65105888 50
131099085 50
137122181 40
$
132143197 50
93102985 50
122229839 40
71108612 50
80477682 50
50086256 50
129853383 50
50891343 40
48480563 50
49155241 50
132167109 10
70475603 30
121989645 50
138310228 40
131844923 50
52772687 40
131431957 50
89155855 30
50497102 50
42779858 50
58941349 40
44911825 50
57396518 40
52451541 50
77314207 40
88883890 50
63644333 40
49818090 40
72764550 40
138524576 40
73994161 50
120536221 50
122039396 50
4734960 50
72805274 50
80592792 50
65992716 50
10197030 50
73555101 50
56666949 50
49023458 30
58848551 50
52163750 50
70848809 50
134790069 50
74647041 40
54983344 20
102288876 50
138115558 50
131527494 50
75086292 50
138050477 50
21187542 50
54406289 50
47556778 40
124419486 40
79532176 50
80771449 50
46791105 40
40433454 50
62181626 50
56406197 50
63963645 50
76817530 50
131963075 50
46347016 50
47364360 50
52338301 50
110048369 40
36476588 50
53908862 50
127345794 50
57384318 50
83426776 50
132505229 50
133102980 40
55834735 50
51610407 10
62284782 50
77037984 40
36609901 50
124524617 50
4062896 50
49323025 40
67968935 50
3025857 40
1389065 40
46431466 50
57054371 50
131093300 40
73310109 50
22635563 30
50078346 50
102148062 50
55355246 50
90717979 50
4427952 50
139601479 50
136391837 50
79606486 50
103873407 50
69506323 50
68722965 50
54924456 50
74169590 50
81797322 50
1251538 40
48852055 50
46942670 40
47071616 50
130883300 50
134406393 50
133479580 50
53998892 40
134543446 40
42866518 50
52968030 50
65358568 50
82198031 50
135277973 50
74230217 50
81201807 50
125077718 50
138527842 50
135771377 40
131533540 20
130940103 40
35390529 40
127580608 50
132906114 40
121113521 30
81380039 40
133503091 50
139073691 50
56446895 50
84336542 50
102145559 40
136261681 40
73022346 50
61543245 50
98873154 50
58004310 50
73974685 50
$
116088366 50
132143197 40
121121159 50
79815118 40
115657337 50
132265338 40
72602343 50
50086256 40
10418659 40
139158197 50
73995122 50
75356324 50
69111577 50
74642907 50
53279905 50
46038574 50
84137263 50
80443846 50
138490460 50
58448710 50
4018389 40
54075524 50
72504662 50
66192943 40
45757228 50
4002268 50
136656542 40
69904453 50
128433205 50
51675029 50
131527494 50
139377489 40
132786486 40
116399092 50
2032126 40
1963507 50
136371472 40
91454246 50
52451541 50
1792819 30
130544100 50
62866651 40
44227163 50
63644333 40
49818090 40
59665595 40
50047738 40
63408688 50
136296472 50
136432777 50
65992716 50
30220620 40
137444724 50
59576470 50
73550521 40
70384866 50
55934911 40
49023458 50
133528527 30
138437913 50
72764550 40
47192696 50
61766488 30
139103119 50
102288876 50
41027352 50
95324357 50
55286128 50
123112253 50
83753448 50
75428363 30
132738466 50
48475724 50
72486400 50
54780204 40
53211526 50
98873154 50
54406289 40
69989403 40
58626785 40
128941186 50
133180444 50
120336940 50
14483687 50
48428431 50
67165803 50
139174562 40
70208746 50
64842139 50
46791105 50
48439426 50
62181626 50
127691271 50
100768513 50
108278976 50
46188146 50
74975671 30
138319728 50
36476588 50
90217363 50
52338301 50
55620981 40
128196917 50
52616115 40
26220025 40
48993122 50
53470682 40
36609901 50
137723248 50
52822911 50
119372898 50
80914776 40
69160676 50
3898792 40
59046986 50
135643027 50
120704773 50
135096530 50
31622570 40
69506323 50
60213171 40
76022100 50
54803053 50
139604773 50
36501951 50
13569936 40
84408325 30
102148062 50
55355246 40
136212270 40
90717979 50
78673342 40
108298969 40
139601229 50
49803921 50
79606486 40
2076715 40
104818082 50
139598902 40
$
41710578 50
81488535 50
103809963 50
94791211 40
98944241 50
127692978 40
53279905 50
75641338 50
53064653 50
68004299 50
51675029 50
59903214 50
51478034 50
132786486 50
107111673 50
134074810 50
120139983 40
57015832 50
63644333 40
136296472 40
65992716 40
56666949 50
58848551 50
137444724 40
102288876 50
81830968 50
120604506 50
38307781 40
72602343 50
38971714 50
131527494 50
55604474 50
21187542 50
47556778 50
136505850 40
81375635 40
80771449 40
40299042 40
62181626 50
56406197 50
129667126 50
133080923 50
137555231 50
134198005 40
126239848 40
138203056 50
137871522 30
69805658 50
4062896 40
93401693 40
73548999 50
126640822 40
59046986 50
76022100 40
50078346 50
119549074 50
73684814 50
79606486 40
2076715 40
121443035 50
66689721 50
3246250 40
139122683 50
47071616 50
2475095 40
134543446 40
132944741 50
65105888 50
56480029 40
103225342 50
138229028 40
60528510 30
84336542 40
131853288 50
66369272 50
69446664 30
67077469 40
88025971 40
97957511 40
133114367 50
65155400 40
115726076 40
51737837 30
129123853 50
137755432 50
80045613 50
120263248 50
1885646 50
135946149 50
126785151 50
50237080 40
139247363 40
60767239 50
2210778 40
63454618 50
58249361 40
137506485 50
75308895 50
135714570 50
75437078 40
128083476 50
131719688 50
79142522 50
138109117 30
126113156 40
77650444 50
84972499 50
1755327 50
73922809 50
60582122 50
109658306 50
76741833 40
76637190 50
37012282 50
88603453 50
2752992 50
13000339 40
104863627 40
96532533 40
138941169 30
136892446 50
76633178 50
70684381 50
84697275 50
68900095 50
88023983 50
69475039 50
3542484 40
45785556 50
63280603 50
44392983 40
106267330 50
120440959 50
134087511 50
135168941 40
58507979 40
101907760 40
53389371 50
80161322 50
$
88719109 50
81488535 50
132143197 50
40949163 30
137222165 30
49172643 50
126836323 30
80477682 50
86451116 50
56600434 40
136146890 50
136888025 50
130325412 50
56407287 40
30096204 50
54822545 50
100304328 50
59903214 50
136656542 40
57615935 40
132786486 40
129471936 50
93468834 50
49535116 50
52451541 40
130858387 50
63644333 40
49818090 40
133916872 40
73555101 50
73994161 50
1933600 40
63408688 50
132463662 50
56666949 50
58848551 50
137444724 40
49023458 40
79420813 50
102288876 50
129838963 50
134383291 50
133734499 50
59145239 50
131527494 50
77113989 50
81375635 40
84428483 50
33419498 50
62181626 40
108278976 50
40299042 50
59311710 40
138319728 50
121214387 50
138610438 40
131963075 40
57658984 50
46347016 50
138203056 50
4814494 50
53908862 50
75570688 50
48993122 40
52105471 40
77037984 50
36609901 40
127328593 50
137723248 50
51478038 50
125519331 30
97000059 50
81104948 40
3898792 50
53847648 30
139608133 50
60213171 40
50078346 50
79606486 40
49803921 40
51985591 50
2076715 40
69506323 50
8701005 50
139598902 40
47597524 50
68722965 50
54924456 40
66689721 30
136354176 50
3246250 50
97289584 30
130362055 40
47071616 50
130883300 40
68797277 50
132995743 50
82198031 40
132944741 40
67189963 40
138826517 50
69005190 40
134569513 50
127024293 40
84336542 40
56446895 50
135561967 40
106318882 40
66369272 50
137575282 50
119166102 50
73974685 50
133114367 50
65155400 50
103554299 50
45693481 40
129123853 50
131063057 40
132280872 40
30666517 50
56465258 40
76387948 50
126785151 40
25813799 40
77230986 50
36876351 40
136421996 20
42295841 50
50237080 50
54636102 50
69571693 50
78929570 50
134992836 50
137275964 40
62665475 30
83061983 50
135148240 50
102999529 50
124419726 50
1389065 50
61319571 40
135714570 50
53307509 50
120428169 40
85355646 50
131719688 50
138109117 30
$
116088366 40
41710578 50
75317957 50
137222165 30
129465928 50
50086256 40
46655913 30
136432777 50
69111577 40
59245323 40
121832912 50
100304328 40
83701149 50
122574009 50
56912567 50
75785066 40
72701666 40
50497102 50
72504662 50
119240610 50
74766862 50
136656542 40
37546314 30
51675029 50
123836830 50
2032126 40
132786486 40
130518352 30
52451541 50
57972505 40
53174948 50
128604688 40
137847591 50
49818090 40
73994161 50
138524576 50
120536221 50
63408688 50
136296472 50
74037266 40
115961631 50
73555101 50
131927290 50
56666949 40
58848551 50
73550521 50
61287224 50
4183627 40
9886345 50
60168432 40
59569765 50
85269919 40
34533889 30
135940540 40
102288876 40
108581533 40
138128610 50
129838963 50
134879624 40
59400066 40
138186224 40
126756864 50
42843317 50
120731669 50
129888594 40
94949440 20
90699969 50
74051782 40
53211526 50
48379360 30
77113989 50
139285903 40
60694225 40
137575561 50
81375635 50
130659016 50
114547178 50
93468834 50
84428483 40
135147564 50
132482180 40
67348033 50
48439426 50
62181626 40
40433454 50
113131916 50
136789368 50
90711941 40
84306193 50
130245413 50
90217363 50
57658984 50
110048369 50
52338301 50
124479334 50
54047177 50
2534253 50
135470134 50
127345794 50
135444314 50
78052449 50
48993122 50
139316464 40
49077360 30
69274709 50
52867875 50
128200926 40
125519331 30
3898792 40
52956842 30
91497506 50
59046986 50
135643027 50
38900864 50
136338925 50
121662152 50
66627911 40
59714517 50
102148062 40
136212270 50
75570688 50
69537822 50
78673342 50
108298969 40
61253690 50
59534718 40
102068287 50
73684814 40
43614255 40
79606486 50
49803921 50
2076715 40
139598902 50
130944083 40
121219254 30
126255228 50
129655166 50
134278051 40
136354176 50
81146283 50
47071616 50
41856145 50
54344102 50
68797277 50
53998892 40
65431582 40
132995743 50
52968030 40
82198031 40
132944741 50
74230217 40
138314608 50
$
81488535 50
80131230 40
139230890 40
75484691 50
55811989 50
71860049 20
37287749 40
115722743 50
89274928 40
80477682 40
91793355 50
2132616 40
4515811 40
134383291 50
1373254 40
59245323 50
59955773 40
62119628 40
93672714 50
80443846 50
70475603 30
135350043 40
40783225 50
72504662 50
62061071 50
59903214 50
136656542 40
55922564 50
137502504 50
84235049 30
102325439 40
57039476 50
136052315 40
135099276 50
107111673 50
52451541 50
122236054 50
57615935 50
130858387 50
77314207 40
123599549 50
88883890 50
63644333 30
55558623 50
73994161 50
63408688 50
135416417 30
135272531 50
73555101 50
132441188 50
56666949 40
58848551 50
137444724 30
1738272 40
138182622 40
49023458 30
43150046 50
60330570 50
54337701 40
138913631 50
91303241 50
80570062 50
102288876 40
50374061 50
119901730 30
73995122 50
2208249 50
120731669 50
75394543 50
126068535 40
4022323 30
59391449 40
108588669 50
37359147 40
56841482 40
94702183 40
58158620 50
46791105 40
48439426 50
48379360 40
3940620 50
40299042 40
135662916 50
90711941 50
85061842 50
36476588 50
131963075 50
46347016 50
110048369 40
52338301 50
80650595 30
96267853 50
53908862 50
108787992 50
133522226 40
138203056 50
83126191 50
55834735 50
125040121 50
61324193 50
46408896 40
36609901 50
127328593 50
3937684 50
69160676 50
137612030 40
122142192 50
3105262 50
91497506 50
69145597 50
76022100 40
71667852 50
102148062 40
69506323 40
136212270 40
55355246 30
79606486 40
49803921 50
137125593 50
139598902 50
69178327 50
54924456 50
136354176 50
113341177 30
68662700 40
79100715 50
55998515 40
47071616 40
130883300 50
82539508 40
84620795 50
73127195 50
68797277 50
133479580 30
46431466 50
138729214 40
135450878 40
132944741 50
82349228 50
138314608 50
1043714 50
103225342 40
66198349 40
138041177 50
$
81488535 40
125273522 40
52249703 50
137754049 50
136432777 50
10418659 40
52998389 50
115312438 50
59955773 30
119467743 50
80443846 50
121989645 50
129959218 50
77271654 30
52183226 50
67514339 40
72504662 40
59903214 50
136656542 40
4600677 50
136702251 50
65984074 50
74923043 50
57615935 40
123836830 50
47503427 30
102325439 50
57039476 50
136052315 40
101395859 50
91454246 50
51716006 50
63852038 40
137710817 50
120139983 40
137847591 50
49818090 40
73994161 50
136781646 50
3827514 50
63408688 40
50811235 40
121714764 50
88025971 40
137374915 40
73555101 40
126645356 50
10197030 50
56666949 50
137444724 50
49023458 40
131527494 50
49360508 50
49442913 50
58848551 50
73550521 50
123181412 40
120710066 40
133095436 30
136209305 50
133528527 40
56912567 50
132069594 40
85269919 40
59126924 50
121623088 50
102288876 40
59158936 50
138186224 40
2208249 50
2414459 50
36524942 40
129888594 40
132738466 40
4022323 50
21187542 50
6575514 40
90812716 40
72486400 50
55308180 50
87682419 50
54406289 40
136555864 50
77113989 40
43029653 50
84428483 50
106019096 40
80771449 50
49319049 40
62181626 50
46188146 50
138319728 40
36476588 50
96468687 50
131963075 50
46347016 50
45952823 30
52338301 50
135470134 50
52616115 40
121214387 50
48993122 50
55834735 50
29852693 40
52867875 50
54835928 50
46408896 40
132031752 50
127328593 50
97206939 40
125519331 30
81104948 50
69652586 50
3898792 40
94353228 50
42843317 40
126640822 50
90367389 50
91497506 40
52148269 50
139608133 50
56941265 50
76022100 40
22635563 40
54776272 40
136477564 50
139604555 50
122845309 50
55355246 40
136212270 50
56022280 40
75570688 50
42260098 50
90717979 50
57827688 50
43138594 40
139601479 50
79606486 40
49803921 50
47611427 50
69506323 50
51985591 50
139465066 40
135693675 50
39580291 30
123605361 50
139598902 50
119955800 50
63621607 50
56137069 40
126255228 40
3246250 40
49303961 50
71532213 50
$
88719109 40
64332284 50
52001481 50
139230890 50
33029501 50
64719573 50
62216527 40
89301021 40
42477053 40
80634882 50
56600434 40
50086256 50
136432777 50
65087582 30
76769321 40
73989380 50
130325412 50
138310228 40
2065412 50
135124043 50
42037586 50
79767246 30
74642907 50
116032592 50
56855450 10
100304328 40
52322913 50
75785066 50
133630899 50
60835916 40
51675029 50
51086413 50
50234920 40
136656542 40
128433205 50
109503768 50
57615935 40
50414764 10
102325439 50
69681419 50
59316925 50
52451541 40
130858387 40
88883890 50
63644333 40
131409879 50
68840699 50
49818090 40
73994161 50
73555101 40
124587187 40
63408688 30
65992716 40
137374915 40
128002543 50
53037722 50
4355153 40
126645356 50
56666949 40
59576470 40
58848551 50
67452110 50
82234652 50
61766488 40
103680149 40
45814946 40
62181626 40
51747254 50
125953184 50
38307781 40
66612132 50
119710944 50
92362227 40
74786885 50
134879624 40
4667344 40
138186224 40
95823340 30
69236330 50
129888594 40
52027245 40
21187542 50
90812716 40
54780204 40
50906731 40
127799934 40
63066664 40
131607718 50
1567784 50
132482180 40
134324511 40
93468834 50
47426974 40
82008062 50
136102603 40
90711941 50
121214387 50
36476588 40
138203056 50
50721753 50
55620981 50
135470134 50
135444314 50
78052449 50
87638833 30
49077360 40
37409173 50
131626464 50
49300385 50
45481939 40
36609901 40
47366218 50
97933879 50
69160676 50
47776967 30
30974408 40
131093300 40
69145597 50
65431427 50
139608112 50
68877393 50
67660450 40
138460195 50
136212270 40
50330948 50
33331855 50
42260098 40
139049353 50
79606486 40
130420442 50
51985591 40
139598902 50
2416990 50
8183914 50
91294728 40
129655166 50
136354176 50
60508693 50
69506323 50
138860846 50
2475095 30
44054907 50
132944741 40
$
132143197 50
88605137 50
70970223 50
101573943 50
136432777 50
134546216 50
138267049 50
53279905 50
137466112 50
72812796 50
72504662 40
84188272 50
119240610 50
2071883 30
107111673 50
52451541 50
63852038 40
73994161 50
63408688 30
72769595 40
65992716 30
137374915 50
10197030 40
137444724 50
56666949 50
49023458 50
66630593 50
82436352 50
51885906 50
46445426 50
133354071 50
134879624 40
130459392 50
36524942 50
94471728 50
40299042 30
58609856 40
53995912 40
116074473 50
21187542 50
60845528 50
54406289 50
81447364 40
53994543 50
76108134 50
106019096 40
67165803 50
4472921 50
60676290 50
56081672 50
130001706 50
90711941 50
36476588 50
46347016 40
52338301 30
132081845 50
26220025 50
48993122 50
102621711 50
59292727 50
81104948 50
51320302 50
3898792 50
135643027 40
120704773 50
139608133 50
102148062 50
129606394 50
108298969 50
73684814 50
79606486 40
139601479 50
130420442 50
49803921 50
57340680 40
56446895 50
135297664 50
69506323 30
129655166 50
136354176 50
133145594 50
135748573 50
47071616 50
130883300 40
136932184 50
132944741 50
74230217 50
138826517 50
135483976 40
103225342 50
66362456 40
127580608 50
84336542 40
81380039 40
61991899 50
136261681 50
131853288 50
129833634 40
58004310 50
91713449 50
129734440 40
50972565 50
63888010 50
47574089 50
62684083 40
51029844 50
135127276 30
50237080 50
108345753 50
1886385 40
134339414 30
73924056 50
83617195 50
42843317 20
73690247 50
69571693 50
2210778 40
35107213 40
128535119 40
68322615 50
37972562 40
127176712 50
45565031 50
136629087 50
57586307 50
74298157 50
73765169 50
123065625 50
138740577 50
46268126 50
135714570 50
134039509 40
$
81488535 50
132143197 50
119555424 50
59935679 50
91135421 40
56600434 40
59413586 50
91793355 50
61448701 40
109381843 40
99789925 50
132254921 50
53279905 50
66414605 40
46038574 50
122841376 50
91795339 50
72602343 40
3369417 40
121989645 50
70475603 30
84027703 50
51675029 50
59903214 50
119240610 40
113388231 50
123836830 50
120106193 50
132786486 40
41880173 40
107111673 50
136296472 50
47183443 50
51491347 50
56666949 50
137444724 40
53721822 40
58848551 50
126239848 30
133606712 50
70848809 40
61766488 50
61991899 50
42843317 40
89388424 40
66527965 40
137877412 40
59400066 30
120794432 50
131545244 50
2208249 50
123112253 50
74232348 40
2395529 50
139074207 50
114271939 40
136505850 50
84428483 40
106019096 30
67348033 50
4472921 40
80771449 50
48439426 50
62181626 40
40299042 50
56406197 30
129667126 50
45517078 50
76817530 40
131963075 50
96468687 50
36476588 50
110048369 50
135470134 50
138203056 50
78052449 50
52867875 50
126923894 40
59665595 40
81104948 40
137136639 50
3898792 40
47776967 40
1704325 40
94353228 50
126640822 30
120704773 50
121606982 40
76022100 50
60213171 40
69506323 50
4867892 40
70955035 50
136212270 40
47039069 50
79606486 50
130420442 50
129778542 50
120092571 50
54742641 50
2076715 50
139598902 50
93383222 50
130062280 30
42897677 30
138607323 50
139122683 50
47071616 50
130883300 50
68797277 50
59604104 50
65431582 40
132944741 40
120625036 50
132995743 30
122905474 50
82198031 50
74230217 50
138314608 50
133239170 40
138229028 50
35390529 40
127580608 50
47379301 50
136312954 40
42135856 40
131853288 40
66369272 50
48620666 40
61543245 50
67077469 50
73974685 50
62114441 40
69157536 50
133114367 40
68123451 40
120484863 50
129123853 30
128535119 40
120263248 30
128233372 50
62762981 40
65040836 50
50237080 40
78667552 30
83617195 50
2210778 50
57036739 50
36661492 50
$
52513998 50
116088366 50
55479330 40
64719573 50
63123895 40
1797371 50
56832705 50
10418659 40
67775736 40
46038574 50
65937210 50
91881982 50
59903214 50
123953136 50
137502504 50
57615935 50
47099322 50
134839191 40
73994161 50
45646209 50
95425276 50
126645356 50
49023458 50
58848551 50
137444724 50
129751141 50
63902235 50
46445426 50
47426974 40
60783738 50
102288876 50
1272955 50
135168941 30
3524054 40
66612132 40
49130053 50
2208249 50
89610000 50
54406289 50
4022323 50
90812716 50
53211526 50
74642907 50
61899279 40
106019096 40
46791105 50
131534429 50
79583588 40
56081672 40
36476588 50
46347016 50
124479334 50
67690614 50
135470134 50
47249254 50
36609901 40
114814068 50
92385969 30
53146482 50
48615299 50
44729549 50
52148269 50
133644765 50
139607965 50
76022100 50
136237094 50
102148062 50
69506323 40
55355246 40
4216976 50
90717979 50
31614212 50
79606486 40
54924456 50
65902578 50
126221797 40
123710346 50
130883300 50
132944741 50
108588669 50
133588386 50
138314608 50
65871572 50
138229028 40
62328557 40
127580608 50
47799182 30
63668063 50
139073691 50
61991899 50
122808676 50
3948401 50
66369272 50
47924936 30
4495255 50
4578342 40
50201888 50
1259506 50
129123853 50
87490266 50
125675802 30
128233372 50
50644844 50
67823788 50
126785151 50
129858041 50
53723765 50
58115663 50
58069193 50
69571693 50
90775780 50
68322615 50
37972562 40
138915689 30
51769783 50
115284786 50
61474383 50
97349623 50
3502559 40
48643260 50
138740577 50
130556003 50
61699219 50
135714570 50
51306773 50
131719688 40
45056058 50
73922809 50
119619987 50
50628641 50
119295655 50
78740684 50
1389065 10
44452306 50
58543193 50
50113943 50
80903556 50
121750498 50
53836712 50
63965900 30
78473931 50
50045746 50
61673467 50
134034441 50
139217761 50
$
132143197 40
54457692 50
69506323 40
118269905 50
62339210 50
14529495 50
69574032 40
57160155 40
60609410 50
65202257 40
72812796 50
72504662 50
60363608 50
61991899 50
35028830 50
57239864 50
52451541 50
120536221 40
122236054 40
126521585 40
50023055 50
124488461 50
128604688 50
56666949 40
73098134 40
137444724 50
46813038 40
119757663 50
102288876 40
138802963 50
138186224 50
115092605 40
70435217 40
51577328 40
4022323 40
90812716 40
37359147 30
94214893 50
46188146 50
90699969 50
40433454 40
40299042 40
28628471 50
93326085 50
131963075 50
59231957 50
46347016 50
77278023 50
36476588 50
3925691 50
52616115 50
87877332 40
59158936 50
78052449 40
48993122 50
29852693 50
127328593 50
36609901 50
135662916 50
65486503 50
88025971 50
60379839 50
3898792 40
139608133 50
76022100 40
135387954 40
79100715 50
57614372 40
47737974 50
130420442 50
49803921 50
104818082 50
2076715 50
139598902 50
73086776 50
76817530 50
43717419 50
127398420 30
136354176 50
47071616 50
130883300 50
136148885 40
46431466 50
83367316 50
60588744 50
132944741 40
1879022 50
108588669 50
58926673 40
138314608 50
63253187 30
126578568 50
62328557 40
127580608 50
84336542 50
81380039 50
133503091 50
48234651 50
127781192 50
65715645 40
136261681 20
61375358 50
49001683 40
19627331 50
133114367 40
53258251 50
3421539 40
50201888 50
60240908 50
129123853 30
50786477 50
77155874 50
126736631 30
44302716 50
135179011 30
89155855 30
94279129 50
129975250 40
55369900 40
58115663 50
82325840 50
44452306 50
60767239 40
85661202 50
134585517 50
68322615 50
37972562 50
123863009 40
135167794 30
42858442 30
64395317 50
58328394 50
120428169 40
135714570 50
51306773 50
56988048 50
123633944 30
68438101 50
137268198 40
131719688 50
65682799 50
138109117 40
102900985 50
138550013 50
73922809 50
87878561 50
74389446 50
104751434 40
$
57685391 50
41710578 50
1373254 50
91967570 50
52958097 30
66414605 50
51478034 50
138166029 50
44832442 50
106318882 50
52887670 40
63408688 30
75313924 40
40670150 50
40299042 40
90812716 50
126175574 50
24454313 50
46791105 50
36476588 50
61287224 40
119529720 30
134516953 50
68873519 40
126736631 50
79709699 50
55355246 40
4906151 40
63030483 50
46942670 40
47071616 50
132944741 50
129279034 30
120820995 50
47799182 40
66369272 50
4495255 40
138915689 50
83623399 40
138294441 50
1507852 50
85219870 50
134146375 50
60181851 40
3314389 50
55369900 20
57695220 40
47502169 50
37972562 50
62665475 40
3765391 50
78806633 50
66136725 40
58738139 50
35306449 40
65682799 30
60709257 40
139050240 40
45423210 50
127580608 30
1389065 30
107136082 50
139215410 40
126195515 40
128263487 50
47082458 50
57282139 40
75069329 50
79104613 50
62366441 40
69475039 30
3417545 40
139389326 50
52651954 40
124171387 50
137555231 50
66173191 50
3918177 50
139438915 50
103247709 50
136014094 50
139343208 50
138698691 50
2184308 40
72189118 50
84605808 50
87657811 50
129988210 40
65943333 40
52452570 40
104261144 40
135945681 40
60068451 50
53908926 40
61948956 50
52115195 40
49325754 50
136837238 50
74617806 30
43486166 50
86854500 50
58700261 50
50630928 40
138406274 50
115596144 40
126703081 40
139273582 40
69401091 50
65064350 30
60619533 50
139321789 50
3484897 50
94029461 50
97876360 50
136978889 40
47038202 50
4334146 50
10445387 50
2770073 50
65537849 50
2750778 30
1414596 40
49212834 40
50235516 30
91183943 50
49982548 50
134215390 50
122847508 50
52645625 40
90844174 40
66789569 40
79761226 50
40029379 50
$
41710578 40
64719573 50
71860049 40
135385063 40
129356588 30
91793355 50
135901035 50
56600434 40
39284917 40
3682998 50
10418659 40
115312438 40
53279905 50
123458001 50
72504662 50
51675029 40
136656542 40
94127000 50
2071883 50
129471936 50
132786486 40
88998329 50
52451541 50
119321352 50
62866651 30
120139983 40
49818090 40
63408688 50
88636083 40
137555231 20
56666949 50
58848551 50
126239848 30
135239127 50
136209305 40
54793907 40
4320074 30
41824301 50
102288876 40
115697701 40
65052544 50
3524054 40
38307781 40
119464315 50
138186224 40
42843317 40
90812716 50
53211526 50
77113989 50
2111797 40
138778398 30
71478394 40
67348033 40
57751455 50
80771449 50
57336541 40
77461430 40
101327000 40
86850050 40
40299042 50
3108239 30
139139454 30
58019409 40
135470134 50
127345794 50
26220025 40
69653980 50
77536605 50
48993122 50
52105471 50
36609901 40
132031752 50
63161507 50
132244971 50
125519331 40
2896461 50
3898792 40
4906151 50
94353228 50
59046986 30
139608133 40
62503687 40
60213171 40
102148062 50
50078346 50
91294728 30
101987957 50
91456880 50
79606486 30
59096480 50
73684814 40
112112127 40
130420442 50
49803921 50
132635882 40
2076715 40
68419229 50
54742641 50
57590698 40
126255228 40
82678258 50
46942670 40
47071616 50
115134728 50
57446378 40
132944741 40
134543446 40
132995743 50
58926673 10
104276562 50
138020127 40
133239170 40
103225342 50
58992430 40
50374061 50
91860109 40
119370737 50
129734440 50
66369272 50
61543245 50
128811686 50
129516936 40
113388231 50
133114367 40
91713449 50
78087662 50
63278789 50
131063057 30
72820166 40
47574089 50
40880642 30
51783252 40
128233372 50
51769783 40
91293505 40
92446081 40
70819211 40
90620841 40
$
116088366 40
125273522 30
64719573 40
137222165 40
135385063 40
39365124 50
138821629 40
56600434 40
53279905 50
66414605 50
132185770 40
136577916 40
46038574 50
3354600 50
49308454 40
51675029 50
136656542 40
69904453 50
138205333 40
91454246 40
134234106 50
107111673 50
108787992 50
52451541 50
120139983 50
44227163 40
137847591 50
49818090 40
63408688 40
63852038 50
65992716 30
115961631 50
128002543 40
126645356 50
56666949 50
83514699 30
58848551 50
68748163 40
60559982 50
126239848 40
136209305 40
123639058 50
82436352 40
138738622 50
85269919 40
63902235 40
102288876 40
89388424 40
42843317 30
38307781 40
74786885 50
119464315 50
131545244 50
138186224 50
69642549 50
70848809 40
3506799 50
48574970 50
129888594 40
45116316 40
122576396 50
131927290 40
53995912 40
21187542 50
77113989 50
84428483 30
106019096 40
58111135 40
4472921 40
48439426 50
48379360 50
86850050 40
77290020 40
74975671 50
40299042 40
136242897 50
130001706 50
124149877 30
82016677 30
36476588 50
46347016 50
138203056 40
110048369 50
103706451 50
137572417 40
80668531 50
101899713 50
4520580 50
135470134 50
58393221 30
82249821 50
127345794 50
134516953 40
26220025 30
48993122 50
38854651 50
73729152 50
81104948 50
2896461 50
139611157 50
135643027 50
120704773 50
60213171 50
76022100 50
57319381 50
101863175 30
53212018 40
13569936 50
50078346 50
139604555 40
55355246 30
136212270 40
112112127 50
79606486 50
78673342 30
131196223 40
43614255 30
64626178 50
32807700 40
49803921 50
130420442 50
51985591 50
38995704 40
54742641 50
130062280 40
91294728 40
2746168 40
1764476 40
69506323 50
136354176 30
46942670 50
123710346 50
47071616 50
130883300 50
68797277 50
$
116088366 40
99580794 40
48195194 50
139230890 40
64719573 40
80634882 50
64218290 40
1717486 50
59398756 50
70711877 40
56600434 50
130645929 50
2174521 40
120152579 50
91793355 40
2219868 40
134515949 50
52998389 40
139158197 50
130130087 30
135940540 50
66613870 50
62696824 40
125172415 40
115312438 50
34211772 30
136577916 30
82574984 40
47675963 40
79891741 50
119240610 50
80566761 30
109658306 40
136656542 40
65984074 50
74923043 40
129465928 40
46227771 50
2032126 40
120106193 50
136236062 30
132786486 40
57396518 40
78458137 50
41880173 40
92378383 40
94929321 40
88998329 40
91454246 40
76370947 30
52451541 50
54075524 50
63644333 40
137847591 50
80003225 50
51399023 50
49818090 40
120536221 40
61202840 40
74037266 40
128566378 50
115961631 40
128002543 40
134111180 40
39595405 40
56666949 50
133971312 50
58848551 50
83514699 40
132441188 40
49023458 50
120710066 50
135468115 50
40949163 50
135907978 50
63686319 30
78542472 40
59569765 40
108820031 40
68847046 40
115943250 50
4404036 50
102288876 50
50148197 50
129838963 50
138524576 30
122942569 50
63378626 50
38307781 40
134879624 40
56008028 40
59145239 50
2208249 50
69642549 40
120731669 50
78667352 50
81649936 50
129888594 40
64570355 50
135901572 50
52988474 50
14283778 40
55607989 50
83890574 50
95072878 50
94981810 50
62428481 30
132482180 40
132944741 50
76579977 50
80771449 50
76870870 40
48379360 40
108278976 50
48439426 50
60025709 50
138918157 50
138319728 40
129667126 40
56406197 50
90711941 40
93958639 40
121214387 40
45952823 30
130391371 50
138203056 40
50721753 50
36476588 50
43431685 50
58019409 50
27221410 30
60834496 50
135470134 50
2513289 50
78052449 50
48993122 50
136338606 30
3822832 50
61071246 40
60065751 30
136556640 50
36609901 40
53470682 40
137723248 40
$
64719573 50
130138196 50
135385063 40
2040866 40
138329357 50
136146890 50
121205962 40
136432777 50
132185770 40
74642907 50
43249464 40
4595070 50
84704732 30
46512100 40
77271654 50
72504662 50
51675029 50
46188146 50
137502504 50
58941349 40
57039476 50
91454246 40
133930122 40
137710817 50
88883890 50
49818090 40
73994161 50
50811235 50
139077398 40
137444724 40
56666949 50
49023458 50
58848551 50
73550521 50
61184340 40
1363892 40
71860049 50
134222021 40
102288876 40
65110712 50
136520138 50
131186363 30
138186224 40
131527494 50
101030577 50
70848809 50
54406289 50
114271939 50
123605361 50
119281931 50
92341154 20
132944741 40
68270832 30
46791105 50
2436948 50
48379360 40
62181626 50
40299042 50
136789368 50
56081672 50
131963075 50
36476588 50
46347016 40
52338301 50
53110113 40
135470134 50
113341177 40
59744023 50
48993122 50
52105471 50
36609901 50
128275539 30
2896461 50
129840035 40
46431466 50
52148269 40
131093300 40
139608133 50
133644765 50
55355246 40
79606486 50
42260098 50
78673342 40
135898363 30
49803921 50
130420442 50
51985591 50
2076715 50
69506323 40
139598902 40
136354176 50
130883300 50
68797277 40
52108750 40
59604104 50
132995743 50
52968030 30
138314608 50
47039069 50
69467986 30
138229028 40
75285045 30
83367316 50
45693481 40
129123853 50
47799182 40
133503091 50
133126372 50
136261681 30
134737844 50
64004293 50
82136129 40
132279938 40
131743577 50
133114367 50
78903611 40
131063057 30
103449262 40
51589862 40
129306069 50
89155855 50
52338478 50
47071616 40
126785151 30
130092913 50
93373792 40
37972562 40
41394346 50
92998452 50
53526652 30
61474383 50
63163245 40
136629087 50
97349623 50
3765391 50
102308520 40
138740577 50
126244245 50
135714570 50
46596628 50
138750541 50
$
116088366 50
57685391 50
132143197 50
64719573 50
79815118 40
115657337 40
132265338 40
135385063 50
72602343 50
64218290 20
56070398 50
83354029 50
83310778 50
2132616 50
66411102 50
75356324 40
74642907 50
53279905 50
46038574 50
84137263 50
53605754 40
138490460 50
4018389 40
72504662 50
66192943 40
136656542 40
59665595 30
69904453 50
131527494 50
128433205 50
51675029 50
139377489 50
58941349 40
132786486 40
116399092 40
102325439 50
2032126 40
1963507 50
91454246 50
52451541 50
1792819 30
62866651 40
50023055 50
44227163 50
57015832 40
49818090 40
63408688 40
136432777 50
132441188 50
10197030 50
56666949 40
137444724 40
73550521 40
70384866 50
72229368 50
49023458 50
133528527 30
136209305 40
123639058 50
72764550 40
47192696 50
55604474 40
35075671 50
139103119 50
41027352 50
95324357 50
59400066 40
55286128 40
123112253 40
132738466 50
21187542 40
72486400 50
53211526 50
54780204 40
69989403 40
128941186 40
133180444 50
1208857 50
137638755 40
58626785 40
67165803 50
139174562 40
46791105 50
80771449 50
48379360 40
62181626 40
133114367 40
108278976 50
46188146 50
40299042 40
36476588 50
35294061 50
90217363 50
130544100 40
135470134 50
53908862 40
48993122 50
55834735 50
53470682 40
36609901 50
103216806 50
10214816 40
119372898 50
116025962 50
3898792 40
2896461 40
59046986 50
135643027 30
120704773 50
135096530 50
69145597 50
69506323 50
76022100 50
139604773 50
36501951 50
84408325 30
91294728 30
102148062 50
136212270 40
79606486 30
78673342 40
108298969 40
49803921 50
130420442 50
68419229 50
104818082 50
139598902 40
54399661 40
135662916 50
67454532 40
59878719 50
136354176 50
3246250 40
60927214 30
46942670 50
137567841 50
82198031 50
124859063 40
62423565 40
134477636 40
$
132143197 50
80436686 50
57219543 50
42285059 50
50401462 50
115312438 50
53279905 40
137194776 30
72504662 40
87561133 50
138928570 50
131527494 50
129471936 40
52451541 50
101504303 50
45605295 50
49429217 50
88188723 50
80592792 50
74037266 50
81300776 50
122039396 50
138153504 40
129312588 30
133528527 40
63902235 30
46445426 50
79714865 50
138186224 40
2208249 50
83532316 50
74232348 40
14277787 50
72812796 50
46791105 50
134528559 50
40299042 50
71879999 50
130001706 50
56081672 50
90711941 50
35294061 50
131963075 50
134198005 40
27068382 50
120820995 50
127345794 40
57288762 30
3609142 50
83126191 50
26220025 50
48993122 50
3698753 40
4503667 50
62829367 40
59638386 50
137785511 50
46431466 40
59046986 40
60213171 50
64708455 50
51677550 50
55355246 50
79606486 40
90717979 50
49803921 50
130420442 50
139598902 40
46702354 50
47597524 50
79612192 40
121219254 50
69506323 40
135240516 50
136354176 50
47071616 50
64403051 50
74230217 40
73865340 50
91473969 50
47039069 50
84336542 50
130239004 50
57028968 40
39177719 40
82918773 50
67257100 50
134737844 50
57769584 50
107808134 50
63462577 40
65530516 50
133114367 50
139319243 50
60461777 50
70085029 50
87770110 50
121320286 50
60979833 40
123745451 50
109488189 50
3314389 50
45842646 50
70749736 50
137744770 50
2210778 30
37972562 40
62665475 40
60582122 50
57586307 50
37022848 50
78683325 50
58926673 40
3765391 40
107338762 50
118900868 50
133471355 30
78367162 50
131719688 40
115064666 40
50474016 50
38443674 50
1389065 40
84626538 40
35072535 40
138681670 40
93151410 50
135824417 40
138341299 50
63337979 50
2752992 50
81365960 50
13000339 50
31389198 40
134034441 40
49231650 40
52099325 50
121475622 50
81521718 50
71467682 50
48106948 50
63168048 50
$
132143197 50
46115911 50
50103332 40
26190907 50
135306692 40
47727712 50
46627031 50
115312438 30
51642612 50
131254424 40
38778339 10
93326085 50
72504662 50
119240610 50
136116568 50
41418851 50
88883890 50
63644333 40
65992716 40
122007529 40
45809301 50
56666949 50
45182883 40
2042184 50
96666323 50
47931790 50
4544380 50
63686319 40
131621630 50
71183775 50
3489955 50
64321061 50
42843317 40
62832736 30
82721688 50
52322913 50
131527494 50
43144115 50
54406289 40
90812716 50
70724396 50
69270899 50
129740460 50
54506080 50
56667677 30
122485437 50
103644375 50
69996521 50
62181626 50
40299042 50
1389065 30
104694905 30
90711941 40
36476588 50
21424528 50
120557183 50
3185677 40
44538193 50
48993122 50
36609901 50
133934636 40
47993173 50
85435469 40
46431466 40
74585115 50
1608486 40
37447635 40
79606486 50
42260098 40
59096480 50
49803921 50
130420442 50
51985591 40
50707772 50
69506323 30
89878561 40
85033254 50
123710346 50
47071616 50
130883300 50
74230217 40
138314608 50
47039069 50
54822545 50
138229028 40
2839531 40
84336542 50
3009962 50
133503091 50
50042142 50
66369272 50
100768513 50
66242385 50
34053216 50
2426783 50
49001683 40
4651348 50
133114367 50
137806155 50
132077235 40
3421539 50
122259950 30
131063057 40
47574089 50
65162469 40
50238553 50
138738622 50
135528841 50
119255837 40
58115663 50
130092913 40
107033684 30
69612357 50
60767239 40
17110359 50
63984423 50
37972562 40
45565031 50
52471858 50
46259237 50
53341104 50
137506485 50
138740577 40
124419726 50
2024133 50
2998036 50
135714570 50
2330715 50
137268198 50
85355646 30
49225794 50
131719688 40
50416947 40
65924127 50
126113156 40
1423932 50
49232801 50
62713868 50
138844642 50
$
132143197 50
41710578 50
121121159 50
72602343 50
75274891 40
113388231 50
41658531 40
136566921 50
136432777 50
61023908 40
53279905 40
121989645 50
135350043 50
72504662 40
51675029 40
4002268 40
131527494 50
57615935 40
133058251 50
6575514 50
120139983 40
91454246 50
107111673 50
2528687 50
52451541 50
122236054 40
49818090 40
73994161 50
139098813 50
128604688 50
56666949 50
53721822 40
60559982 40
135239127 50
46813038 50
4267924 40
133528527 40
88145029 40
108820031 50
73555101 40
133535463 50
3524054 30
66612132 50
132240674 50
4145949 40
138186224 40
124309874 40
130459392 40
139125023 40
36524942 40
54406289 50
21187542 40
74051782 40
72486400 50
69989403 40
128941186 40
106019096 40
46791105 50
139174562 50
80771449 50
62181626 40
40299042 50
72832633 50
137936224 50
96468687 50
36476588 50
70633415 50
129123853 40
58684053 50
26220025 40
39498478 50
36609901 50
49143837 40
135647922 40
3898792 40
129549181 40
126640822 50
91497506 40
59046986 50
139608133 40
46882450 50
69145597 50
136508894 50
60213171 50
136454632 40
139604773 50
69506323 50
94949440 50
102148062 40
136477564 50
139604555 40
49114799 50
55355246 50
136212270 40
102108363 50
69537822 40
47039069 50
139601479 50
49803921 50
51985591 40
31360926 50
51125404 50
58840542 50
1885646 50
126255228 50
136354176 50
97289584 30
47071616 50
65986014 50
130883300 50
130238549 40
122898070 50
65431582 40
52968030 50
35253993 40
138314608 40
74230217 40
133588386 50
1043714 50
78137840 50
35390529 50
84336542 50
81380039 40
59415621 50
63090822 50
129327432 50
139139454 50
69109990 50
137575282 50
128811686 40
134097963 50
45450630 40
58004310 50
73974685 50
99667836 50
133114367 40
$
57685391 50
63144605 20
64719573 50
71860049 50
49904236 40
46830252 50
3455603 50
79241300 50
133479580 40
61880664 50
136432777 50
35296178 30
139187641 50
115312438 50
59955773 40
34211772 30
121989645 50
1373254 40
72504662 50
52916582 40
128433205 50
85077095 50
116399092 40
83186660 50
107111673 50
52451541 50
123469383 30
86113097 40
128604688 50
73994161 50
138524576 40
63408688 40
50811235 50
132441188 50
56666949 30
58848551 50
135239127 30
62414522 50
49023458 50
6860541 40
135468115 50
63686319 40
126916102 40
58891289 50
108820031 40
136102814 40
135940540 40
102288876 40
50374061 40
131545244 50
138186224 40
53105316 40
59145239 50
135925094 40
87469083 40
120731669 50
21187542 50
90812716 40
89341129 50
54780204 40
53211526 50
77113989 50
136505850 30
62735975 50
57288762 40
70868082 40
135147564 40
132185017 40
69129498 40
108787992 50
71478394 50
69270899 40
50721753 50
138203056 50
60044541 10
61282701 50
85183141 50
90711941 30
120704773 50
36476588 50
89421105 30
57658984 50
46347016 50
52338301 50
80650595 50
135470134 50
127345794 50
3631121 30
139238480 40
48993122 50
49077360 50
135144745 40
36609901 40
61997003 30
133095436 50
136722634 50
4317332 30
125519331 40
137136639 40
94353228 50
1391038 50
46431466 40
128993428 50
57171758 40
91497506 50
133897213 50
69145597 50
76022100 50
128739482 50
102148062 50
91294728 30
55355246 40
136212270 50
79606486 50
90717979 50
59096480 40
47039069 50
61822233 40
139601479 50
49803921 50
130420442 50
43614255 40
2220178 40
2076715 30
68419229 40
139598902 40
135297664 50
124138254 50
65948183 20
49208406 50
136354176 50
131809913 40
46942670 40
68797277 50
53998892 50
33576277 50
52968030 50
48004952 50
64849568 30
82198031 40
60928335 50
74230217 50
35253993 50
114120381 20
$
132143197 50
64719573 50
54338620 50
91793355 40
84824503 50
74642907 50
40872596 50
53279905 50
59955773 40
51675029 30
59903214 50
136116568 40
69131222 40
136656542 40
43920577 50
54927714 50
53968792 30
123836830 50
132786486 40
41880173 40
91454246 50
57218441 50
107111673 40
52451541 50
63852038 50
58066073 50
73994161 50
124587187 40
136296472 50
137374915 40
100768513 50
4063062 50
56666949 40
127280366 50
58848551 50
73550521 50
136209305 40
61766488 40
49116114 40
65937350 40
84337893 50
51227412 50
126673646 50
76817530 50
138186224 40
69642549 50
120731669 40
74232348 50
120674319 50
48854859 30
71478394 40
106019096 40
67348033 40
80771449 50
2436948 50
97404269 40
48379360 30
138203056 40
62181626 50
139099627 40
108278976 50
40299042 50
81011273 50
133239886 10
46347016 40
137555231 40
53616045 30
102344136 50
50747683 50
135470134 50
26220025 30
48993122 50
49077360 40
70187438 40
52867875 50
53470682 40
36609901 40
127328593 50
54534194 50
136551438 50
3898792 40
46431466 40
47776967 40
60213171 40
2584657 50
102148062 40
4867892 40
136212270 40
121606982 30
91294728 30
139604555 40
79606486 30
55355246 40
135543815 40
59096480 40
49803921 40
130420442 50
131093300 40
51985591 50
131660458 50
132635882 30
129778542 50
2076715 40
68419229 50
69506323 30
120898370 50
54742641 40
130462502 50
139598902 40
120685101 40
47071616 50
55341093 50
53998892 40
134543446 40
132995743 40
103225342 50
66552621 40
127580608 40
124750726 50
66369272 50
137575282 30
67077469 40
64748412 40
49001683 50
57063157 50
133114367 40
65155400 30
91713449 50
51737837 10
50201888 50
131268421 50
65535782 50
121724170 40
137755432 50
129123853 40
131063057 40
83686420 50
120263248 30
128233372 30
62684083 50
50237080 50
130688588 30
2332113 50
$
57685391 50
41710578 40
115869245 50
135618364 30
64719573 50
71860049 50
1922632 50
3455603 40
64323219 40
65668311 50
101573943 40
43713017 40
130325412 50
102681068 50
53362180 50
67452110 40
136432777 50
50777289 40
59245323 50
130669850 50
53279905 50
83894935 50
132107060 50
4886055 30
122086425 40
72504662 50
138310228 40
74923043 50
57615935 40
120536221 50
52451541 50
130496108 50
73994161 50
1933600 40
128604688 50
136296472 50
65992716 30
137374915 50
56666949 30
30220620 40
137444724 50
48229136 50
72274783 30
133528527 40
94859250 50
64963643 50
138913631 50
46445426 50
125650125 50
125546785 40
102288876 50
136102814 40
83071317 50
66081323 50
59145239 50
36524942 50
42843317 40
21187542 50
37359147 30
69989403 50
56628364 40
138048943 50
72812796 50
56667677 30
73998702 30
48439426 50
50721753 40
40299042 30
1720667 40
2595703 50
56081672 50
36476588 50
46347016 50
52338301 40
80650595 40
137555231 40
59594061 30
135470134 50
53908862 50
127345794 40
63070721 50
36609901 40
58851483 40
134269871 50
134648339 50
126640822 50
135643027 40
15245943 40
61406262 50
102148062 50
136477564 50
136212270 40
105737828 40
4867892 50
132635882 40
49803921 50
3246250 40
139598902 40
68872281 50
126255228 50
87938767 50
131809913 40
1251538 40
79100715 50
134621373 40
130883300 50
134761310 40
88083851 50
60641716 50
74230217 50
46192846 50
103225342 50
135483976 40
44503236 40
127580608 30
84336542 40
66371034 50
73509007 50
56446895 50
134737844 50
136261681 50
133412039 40
81532449 30
53667837 50
51697717 40
49001683 40
58004310 50
4651348 50
94471728 40
133114367 40
91713449 50
132143197 50
138826517 50
50201888 50
103121322 40
66362456 50
128535119 40
83701337 50
33944986 40
73238643 50
52870405 50
$
67682278 50
64719573 50
53592649 30
45693481 50
8517504 50
79583588 40
53303425 40
80772742 40
70827974 50
100304328 50
55015343 30
119467743 40
34729181 40
68541792 40
84027703 50
72504662 50
46188146 50
136656542 40
51675029 40
137242534 50
57615935 40
123836830 40
102325439 40
101395859 40
52451541 50
72764550 40
102400825 40
56666949 40
45809301 40
49023458 40
2042184 50
119828919 40
66998546 50
61945912 40
91393543 40
133699873 40
135794454 40
72703568 40
134879624 40
38307781 40
46845274 50
138377577 40
54779873 50
2320257 40
64017609 50
69989403 40
77113989 30
48369925 40
121216453 50
62181626 50
40299042 40
138319728 40
84810654 40
129667126 40
52338301 50
87904933 50
129123853 50
52616115 40
127345794 50
121214387 50
43953322 50
26220025 40
48993122 50
55834735 50
46431466 50
52956842 30
119529720 30
139608133 50
135643027 40
58175440 50
76022100 40
70955035 40
138449322 40
80303100 50
136212270 40
55355246 50
75570688 50
59397106 50
132635882 40
49803921 50
130420442 40
2076715 40
136391837 40
115284786 40
130944083 40
56137069 40
54924456 40
74169590 50
46916796 40
42037586 40
97289584 30
47071616 50
60092636 50
59105095 40
132995743 50
62423565 40
65105888 50
74230217 40
65011539 50
138229028 40
135714570 50
91617441 50
58466631 40
50374061 40
50327658 30
63781103 50
136261681 30
135363175 40
66369272 50
64004293 50
49001683 40
133114367 50
65155400 40
93303710 40
46550061 50
95175738 50
103121322 50
59665595 40
139350037 20
31784147 30
58235151 50
130092913 50
50237080 50
57695220 50
53129305 40
2210778 50
43001164 40
138915689 40
133915647 30
134992836 50
1533761 40
72632005 50
58249361 50
65434627 40
70319906 40
54065030 50
138452645 40
125780567 40
122670087 50
79728421 40
70664635 40
$
126773101 40
63634755 30
135618364 50
139230890 50
64719573 50
137222165 40
52324496 50
89388424 50
50617032 40
80477682 50
85116425 50
50086256 50
124184146 50
136432777 50
52283017 50
35137558 30
115312438 40
121714764 30
122273872 40
66414605 40
99710074 30
46038574 10
122039396 50
121989645 50
69280225 40
85635101 50
72504662 50
71615470 40
135130379 50
32258314 40
47010686 20
107111673 50
128433205 50
136656542 40
134234106 30
58941349 50
123836830 50
3319651 40
115284786 50
132786486 40
129292586 50
65682687 40
136052315 40
76912943 40
92140787 30
52451541 40
78145448 50
80538549 40
137062471 50
57972237 40
62946535 50
137847591 50
73994161 50
73555101 50
66340058 50
137444724 40
56666949 40
48276437 50
58848551 50
132441188 40
136209305 40
133528527 50
70848809 50
62836691 40
63686319 40
85269919 40
137755432 50
108820031 40
115697701 40
66850309 50
129838963 40
138524576 50
59400066 50
133095436 40
119464315 50
131545244 50
49498922 50
123112253 40
69642549 50
59145239 50
21187542 40
47192907 50
54780204 50
69989403 40
46157101 40
81375635 40
83890574 50
128941186 40
87407244 30
107186417 50
48428431 40
67348033 40
133433322 50
80771449 40
48439426 50
133305138 50
129610666 50
35294061 40
120704773 40
130001706 50
90711941 50
96468687 50
130540894 40
51982686 40
57658984 50
46347016 50
54602644 50
138203056 50
52338301 50
80668531 50
49932240 20
53908862 50
26220025 40
48993122 50
36030826 40
52867875 50
60065751 30
137117186 50
36609901 50
137684774 50
125519331 30
83504699 50
47776967 40
75861639 50
59046986 50
139608133 50
91497506 30
135643027 50
94353228 50
64468253 50
69145597 50
139608284 30
60213171 50
1495593 50
139604773 40
139606457 50
$
134460202 40
50617032 40
134698858 50
68875969 40
136575395 50
83894935 50
79328824 50
131466397 50
70856138 40
52322913 50
54251969 50
68657260 50
72504662 40
136656542 40
4153774 50
51675029 50
65827167 40
123836830 40
95174627 50
78703889 40
2528687 50
66192943 30
49818090 40
70930538 30
63408688 40
1898496 50
136296472 50
48961154 50
41032950 40
137444724 40
58848551 50
103638662 50
41656432 50
72764550 50
61766488 50
63686319 40
19921711 30
128783347 50
115697701 40
58395524 40
59400066 40
2632584 40
138186224 40
129723786 50
120141215 50
66177469 50
58974485 40
59254229 50
92306282 50
79317259 50
139285903 50
72812796 50
119311949 40
61467693 50
69096256 40
137555231 40
84527951 50
119619987 40
46791105 50
68918623 40
80771449 40
73287736 40
40299042 40
44538193 50
41604448 40
90711941 50
130992077 50
48388409 50
4814494 50
129123853 40
138461901 50
64747443 50
90767990 50
3898792 50
52956842 30
136467006 50
121930587 50
76022100 50
47039069 40
69506323 50
51677550 50
66768802 50
55355246 40
90717979 50
129778542 50
139601910 50
49803921 50
130420442 50
2076715 40
59893286 50
121219254 30
49208406 50
136354176 40
80713495 50
47071616 50
65986014 50
51783252 40
65431582 40
64403051 50
74230217 50
138314608 50
66035182 50
45392773 50
2503944 50
138229028 40
47799182 40
67530443 30
131615477 40
119370737 50
129734440 50
66369272 50
138566715 40
129833634 40
85105603 50
48252926 50
59456598 50
51737837 50
136956675 50
66920217 50
128233372 50
61406262 40
131554651 50
137980187 50
88188723 50
136421996 40
50174936 50
57565967 50
103893318 50
54104457 30
63624658 50
2210778 50
98986033 50
76858046 50
37972562 40
38679514 30
69715781 40
60582122 50
61474383 50
75086292 50
121648406 50
44818950 40
99912233 40
123974515 50
78806633 40
124419726 50
82456210 50
$
80436686 50
3588083 40
69506323 50
81414624 40
3902065 40
135115003 50
136432777 50
139101214 50
131960972 50
138267049 40
119281931 30
72602343 40
122574009 50
2244827 40
72504662 40
51675029 40
57615935 50
123836830 50
2032126 40
130015221 50
121249680 50
107111673 40
52451541 40
2244887 30
50023055 40
73994161 50
138524576 50
124587187 40
124488461 40
50811235 40
105146353 40
94260018 40
10197030 50
128002543 40
56666949 50
58848551 50
133528527 40
54626237 50
45773772 50
63902235 30
46445426 40
49116114 40
38307781 40
59400066 40
138186224 40
80750194 50
94032593 40
69642549 50
89610000 40
135297166 30
54780204 50
63066664 50
136071092 30
127006121 50
114547178 50
68457984 50
1678813 50
48379360 40
62181626 30
90711941 50
36476588 50
131963075 50
52510164 30
46347016 40
52338301 40
129123853 40
72040927 40
48993122 50
49077360 40
92762235 30
125519331 30
133069368 40
3898792 40
91497506 40
76022100 50
91294728 40
4242774 40
55355246 30
43138594 50
49803921 50
130420442 50
134958534 30
51985591 50
58452736 50
132997252 50
78144333 50
138564509 40
76406733 40
126255228 40
42037586 50
122971483 40
81630965 50
47071616 50
68797277 50
52968030 50
130187660 50
61261594 30
130728708 50
103225342 50
69975776 40
77233451 40
84336542 40
2857928 50
1825508 50
122113976 50
99220540 40
136261681 30
66369272 50
61226979 50
135302566 40
128811686 50
75919317 50
49001683 30
133114367 50
135685431 40
65535782 40
67948315 40
71142047 50
120263248 50
72179412 40
135856754 40
63668063 50
58115663 50
130092913 50
130207481 40
122608268 50
60767239 40
37972562 40
68322615 50
130493809 50
138434147 50
98436030 40
53526652 50
61474383 40
64053563 40
55808450 40
57758091 40
3765391 50
73428769 50
43562957 30
64924276 40
95149805 50
137506485 50
48643260 30
138740577 40
62185562 40
135714570 50
120428169 40
$
132143197 50
41710578 50
46761815 50
70970223 50
52562965 50
101573943 50
136432777 50
134546216 50
138267049 50
40872596 50
53279905 40
72812796 50
72504662 40
84188272 50
119240610 50
2071883 50
88998329 50
52451541 50
107111673 50
63852038 50
57743420 40
73994161 50
63408688 40
72769595 40
56666949 50
137444724 50
58848551 50
66630593 50
5854721 50
49023458 50
62518074 40
51885906 50
82436352 50
71361734 50
46445426 50
120187474 50
40299042 40
54406289 50
53995912 40
116074473 50
21187542 50
89341129 40
81447364 40
106019096 40
67165803 50
4472921 50
136171825 40
90711941 50
130001706 50
36476588 50
52338301 40
54602644 50
94471728 40
127345794 50
132081845 50
48993122 50
2382205 30
52867875 50
36609901 40
102621711 50
60240908 50
81104948 40
3898792 40
47792951 40
48433802 50
139602194 50
135643027 40
120704773 50
139608133 50
102148062 50
129606394 50
2225897 50
108298969 50
49803921 50
139601479 50
130420442 50
2076715 50
54742641 40
56446895 50
135297664 50
69506323 30
129655166 50
136354176 50
135748573 50
47071616 50
130883300 30
68797277 40
136932184 50
132944741 50
74230217 50
135483976 40
103225342 50
66362456 40
127580608 50
84336542 40
102646839 40
81380039 50
42135856 30
131853288 50
60676290 50
129833634 40
58004310 50
91713449 50
119990931 50
138826517 50
129734440 40
50201888 40
63888010 50
128535119 40
138242067 50
62684083 50
51029844 50
50237080 40
134339414 30
135893851 50
60767239 30
51522345 40
42843317 30
73690247 50
2210778 30
37972562 40
62665475 30
127176712 50
45565031 40
136629087 50
57586307 50
74298157 50
1886385 40
123065625 50
138740577 50
137555411 40
46268126 50
137268198 50
135714570 50
$
41710578 50
43096218 50
46761815 50
3788179 50
70970223 50
52562965 50
101573943 50
136432777 50
134546216 50
66613870 50
138267049 50
115312438 50
53279905 40
72812796 50
72504662 40
84188272 50
71937916 30
119240610 50
2071883 40
88998329 50
52451541 50
107111673 50
63852038 40
73994161 50
63408688 40
72769595 40
65992716 20
137374915 50
10197030 40
121677301 50
56666949 50
137444724 50
58848551 50
66630593 50
5854721 50
49023458 50
82436352 40
51885906 50
71361734 50
102288876 40
120187474 50
40299042 30
54406289 50
53995912 40
116074473 50
21187542 50
89341129 40
81447364 40
53994543 50
76108134 50
67165803 50
4472921 50
90711941 50
130001706 50
36476588 50
54602644 50
94471728 40
53908862 50
127345794 40
132081845 50
48993122 50
52867875 50
36609901 40
102621711 50
60240908 50
59292727 50
81104948 50
3898792 40
48433802 50
135643027 50
120704773 50
139608133 50
120503563 50
102148062 50
129606394 50
108298969 50
49803921 50
139601479 50
130420442 50
2076715 50
56446895 50
135297664 50
69506323 30
129655166 50
136354176 50
135748573 50
47071616 50
130883300 30
68797277 40
136932184 50
132944741 50
74230217 50
83906982 40
135483976 40
103225342 50
130940103 40
127580608 50
84336542 40
81380039 40
136261681 50
131853288 40
60676290 50
129833634 40
58004310 50
91713449 50
119990931 40
138826517 50
129734440 40
63888010 50
128535119 40
133354071 50
51029844 50
50237080 40
134339414 30
51320302 50
60767239 30
42843317 30
73690247 50
2210778 30
69571693 50
37972562 40
127176712 50
45565031 40
1886385 40
136629087 50
57586307 50
123065625 50
138740577 50
46268126 50
137268198 50
135714570 50
$
132143197 50
134790069 50
99789925 50
51320302 40
121989645 50
124419486 30
138310228 40
64698778 30
1740474 50
42779858 50
58941349 40
91454246 50
52451541 50
88883890 50
72764550 50
73994161 50
120536221 50
122039396 50
72805274 40
80592792 50
65992716 50
56666949 50
137444724 50
49023458 30
58848551 50
74647041 40
73310109 50
45702807 50
45379301 40
53256778 40
67968935 40
131527494 50
75086292 50
138050477 50
61568174 50
47556778 40
79532176 50
80771449 50
134541627 50
36476588 50
53908862 50
127345794 40
26220025 50
133102980 30
55834735 50
36609901 50
124524617 50
137426867 40
46431466 50
20848269 50
90717979 40
57054371 50
131093300 40
22635563 30
55355246 50
139601479 50
136391837 50
130062280 40
69506323 50
3246250 40
74169590 50
71994928 40
47071616 50
130883300 50
2144828 50
134543446 40
135277973 50
74230217 50
81201807 40
1043714 50
130940103 40
125656990 50
48179026 50
54868319 40
47274017 50
127580608 40
129123853 40
84336542 50
81380039 40
133503091 40
56446895 50
12889689 40
62681207 50
61543245 50
45450630 50
58004310 50
73974685 50
133114367 50
65155400 40
54048588 50
65545100 40
2236597 30
51737837 50
135685431 50
131063057 30
32094388 50
51589862 40
83701337 50
119374613 50
46363434 50
130092913 50
58115663 50
50237080 50
73582650 40
60767239 40
2210778 40
69571693 50
37972562 40
53030860 50
134992836 50
61474383 40
107111673 50
28845493 40
137268198 50
135714570 50
134039509 30
85355646 40
49575929 30
131719688 40
39720434 50
138109117 30
126113156 40
73922809 50
50048803 50
76637190 50
93474440 40
134739225 40
63337979 50
96321164 50
134034441 50
67611054 50
127199155 50
73856461 50
88081047 30
$
120943599 50
84524866 50
50204140 50
92942921 50
130325412 40
70930463 50
89480416 50
59955773 40
121989645 50
84021925 50
84027703 50
40783225 50
72504662 50
68990945 40
136656542 40
128433205 50
73836108 40
52451541 50
48623551 40
63852038 30
57615935 50
88883890 50
126575098 40
49818090 40
73994161 50
63408688 30
128604688 50
139077398 50
114657972 50
56666949 40
58848551 50
53550565 50
77527823 50
46813038 50
49023458 50
133528527 40
60330570 50
61766488 40
138913631 50
63902235 40
108820031 30
121662152 50
1712529 50
138186224 40
131844923 50
68764015 50
56977290 40
75394543 50
4022323 40
90812716 40
21187542 50
37359147 40
133180444 50
101845278 50
120203049 50
84428483 40
121186923 40
46791105 50
67165803 40
136245733 50
48439426 50
53341104 50
48379360 50
62181626 50
124247478 50
138319728 40
40299042 40
136242897 40
126061456 50
35294061 40
36476588 50
46347016 40
110048369 50
138203056 40
53908862 50
66102546 40
55834735 50
110872975 50
66689721 30
52867875 50
57349503 50
61997003 30
36609901 50
92366440 50
137136639 40
46431466 40
90717979 30
120704773 50
139608133 50
76022100 30
136508894 50
47489227 50
102148062 40
69506323 40
136212270 40
58520038 40
132635882 30
139604555 50
55355246 40
47039069 40
104818082 50
130420442 50
79875413 50
137125593 50
54742641 40
139598902 50
73020002 50
58928167 40
136354176 40
101766787 40
79100715 40
60927214 30
47071616 40
2851199 50
130883300 50
66371034 40
68797277 50
53998892 50
52968030 50
132995743 40
136593987 40
138314608 50
67943724 40
103225342 40
85307679 50
81380039 50
62528594 40
75745246 50
62235399 50
70543620 40
119370737 50
64004293 50
129833634 50
61543245 50
128811686 40
49001683 40
73974685 50
133114367 50
91713449 50
58101518 50
61215192 50
138826517 50
129123853 40
92089543 40
3421539 40
$
135239127 50
71860049 40
69506323 40
129356588 50
55746253 50
91793355 50
56600434 30
124966738 50
121577100 50
69111577 50
66414605 40
70227838 50
136577916 30
136656542 40
69904453 40
128433205 50
129471936 50
132786486 40
62866651 30
120139983 50
91338947 40
49818090 40
73994161 50
63408688 50
72769595 40
126645356 50
56666949 50
58848551 50
126239848 40
63144605 50
9886345 40
129279034 40
85269919 40
102288876 40
125846982 50
65052544 50
50721178 50
38307781 40
137877412 40
59145239 50
138186224 40
69642549 50
70848809 40
54780204 50
77113989 30
67174243 50
87407244 40
57288762 40
44162461 50
138778398 30
106019096 40
120975732 40
48439426 40
40433454 50
77461430 50
86850050 50
40299042 50
35294061 40
36476588 40
110048369 40
135470134 50
49932240 20
52616115 40
78052449 40
137859369 50
48993122 50
49077360 40
70187438 40
60065751 50
131369152 30
36609901 40
126923894 40
125519331 30
81104948 50
126640822 30
48433802 40
59046986 50
68530523 50
139608133 50
60213171 40
73125936 40
102148062 40
136212270 40
91294728 30
114619634 50
138830311 40
49803921 30
112112127 50
130420442 50
51985591 40
132635882 50
2076715 30
68419229 50
54742641 50
123963328 50
129125584 50
82678258 40
132924658 40
43303626 40
46942670 40
44375847 50
47071616 50
44054907 50
53998892 50
136729492 50
132995743 50
104276562 40
35253993 40
74230217 50
138020127 50
114120381 30
133239170 40
103225342 40
81346317 50
50374061 50
42135856 50
119370737 50
131853288 50
66369272 50
128811686 50
129516936 50
133114367 30
95175738 50
50201888 50
135703051 50
84453733 50
129123853 40
131063057 40
128867718 50
51783252 40
40880642 30
19790770 50
128233372 40
57658984 50
50644844 50
67020495 40
92446081 50
91456880 30
90620841 40
130688588 40
50237080 40
73238940 40
61434887 50
$
132143197 40
63858344 50
60363608 50
63275398 40
69111577 40
53279905 50
70856138 50
119467743 50
72602343 50
139065152 40
84027703 30
72504662 50
115728439 40
51675029 50
66192943 30
136656542 40
69904453 50
35028830 40
82056366 40
1963507 50
41880173 50
92378383 40
131193116 40
52451541 50
63852038 50
62866651 30
136812978 50
59156504 50
138524576 30
63408688 50
10197030 40
56666949 50
138501654 40
58848551 50
46813038 40
133528527 40
136209305 40
123639058 50
93102985 50
63686319 40
62181626 30
85269919 40
135940540 40
59400066 40
48854859 40
38307781 40
134879624 40
59145239 50
42843317 40
131841419 50
129888594 40
54406289 40
53995912 40
21187542 50
72486400 50
87407244 40
97008070 50
84428483 50
80771449 40
92998452 50
138319728 40
40299042 40
130001706 50
35294061 40
46347016 40
110048369 50
127819200 40
135470134 50
53908862 50
52616115 40
138203056 50
39717594 40
49077360 40
70187438 40
52105471 30
52867875 50
63070721 40
133934636 40
137136639 40
59046986 40
135643027 40
120852592 40
76022100 30
139604773 50
54803053 40
69506323 30
136212270 50
55355246 30
69649375 40
129778542 50
129789912 50
49803921 50
130420442 40
126457504 50
137450509 50
136240418 50
139598902 50
51099421 50
136354176 50
46942670 40
97289584 40
135748573 50
47071616 50
68797277 50
55341093 40
133650745 20
73548999 40
82198031 40
132995743 40
124859063 50
121038745 50
74230217 40
138314608 50
83119154 40
78137840 40
138229028 40
131533540 40
135714570 40
127580608 40
75533679 50
35084238 40
49001683 30
133114367 50
65155400 50
138826517 50
65535782 40
103121322 50
137228376 40
129123853 50
136766876 50
133916872 40
139029820 50
80481074 40
128233372 50
132945401 50
50644844 50
137980187 50
67020495 40
96655350 40
130092913 50
80111630 50
50237080 40
139179453 40
70749736 50
69571693 40
54351295 50
$
71860049 40
64495212 40
133479580 40
101573943 40
43081970 50
115312438 50
129616502 50
53550565 50
84027703 40
72504662 50
59903214 50
136656542 40
128433205 50
137502504 50
52451541 50
73994161 50
56666949 50
46496783 40
49023458 50
58848551 50
60559982 40
133528527 40
47192696 50
61766488 40
51885906 40
135940540 40
124717749 50
136172875 40
139128601 50
138186224 40
49498922 50
136198268 40
42843317 40
54406289 40
21187542 50
54780204 50
121219254 30
133180444 50
41585960 50
84428483 30
67165803 50
80771449 40
48379360 40
90711941 50
56081672 50
35294061 50
36476588 50
124489594 50
3247558 40
131660458 40
52616115 50
63030030 50
48993122 50
52867875 40
68877393 30
125519331 30
46431466 40
133644765 50
135643027 50
48206848 50
136212270 40
55355246 30
47039069 50
59096480 50
49803921 50
130420442 40
51985591 50
2076715 40
131928875 50
61357708 40
63402345 50
129655166 50
136354176 50
61160292 40
91530733 50
47071616 50
130883300 50
134543446 40
133239170 40
138826517 50
108787992 50
35084238 40
129165718 40
83701337 50
66369272 50
72092433 50
135476147 50
49001683 50
73974685 50
133114367 40
65155400 40
71195771 50
51737837 40
135685431 30
50201888 50
131063057 30
47574089 50
128535119 40
135855535 30
59565030 50
124408864 50
130688588 40
50237080 40
126785151 40
69649375 40
55851872 40
66277003 50
121943500 50
88579480 30
61434887 50
73271408 40
2210778 40
69571693 50
37972562 40
120655086 50
61474383 50
53526652 50
75428363 50
64053563 40
57586307 50
56823011 40
124419726 50
46268126 50
4367384 50
135714570 50
53470706 30
128083476 40
85355646 40
3893584 40
63132904 50
131719688 40
79142522 50
65682799 40
89268814 50
3879020 30
73922809 50
121390872 50
$
