116088366 40
81488535 50
139230890 50
129692299 50
47424405 50
89911336 50
60363608 50
121814022 50
80477682 50
79717977 50
69942514 40
50086256 50
67452110 50
61950975 50
97516885 50
134698858 50
73995122 50
139187641 50
139099083 50
63977456 50
63275398 50
66335099 50
4409096 50
72602343 50
83701149 50
131740688 50
121989645 50
138310228 40
72812796 50
120177811 50
71615470 50
72504662 50
59903214 50
57247637 50
51675029 50
50497102 50
74460294 50
136702251 50
51478034 50
74923043 50
35028830 40
123836830 50
136656542 40
136052315 40
132786486 50
136236062 50
57396518 50
60734311 40
122616088 50
91454246 50
101395859 50
57615935 50
52451541 50
130858387 40
120139983 40
88883890 50
128604688 50
63644333 40
134520468 50
138524576 50
120536221 50
63408688 40
61026908 50
54763920 50
136296472 50
22043363 50
74037266 50
137374915 30
58671992 40
51491347 50
83046392 50
58848551 50
73550521 50
137444724 50
67682278 10
49023458 50
126239848 40
136209305 50
133528527 40
135468115 50
61766488 50
63686319 50
85269919 40
81254035 50
132411871 50
27569639 50
2857306 50
108820031 50
139103119 50
85226455 50
115697701 40
102288876 50
89388424 40
66612132 50
72381227 50
136156775 50
139128601 50
59400066 50
65360552 50
59145239 50
63057785 50
42843317 40
2414459 50
60155180 50
70848809 50
2199382 50
115092605 50
120358975 50
36524942 40
129888594 50
89610000 50
76196243 40
89559624 50
90699969 50
122229839 50
98873154 50
134977345 50
77113989 50
67174243 50
128941186 50
83890574 50
63066664 50
134324511 50
84428483 40
130015221 50
132482180 50
130808926 50
122371956 50
67348033 50
74766862 50
80771449 50
66596223 50
77461430 40
48439426 50
46791105 50
48379360 50
49731141 50
33419498 50
62181626 30
46188146 50
50721753 50
136242897 50
131963075 50
57658984 50
46347016 50
$
139230890 50
121121159 40
129327432 50
97113166 50
54859134 50
71860049 40
121814022 50
80477682 50
53228107 50
89016897 50
91793355 50
56600434 40
121202332 50
136146890 50
130645929 50
50042142 40
138028859 50
139158197 50
96241491 40
60007236 50
138310228 40
1373254 40
139187641 50
40872596 50
135194121 50
53279905 50
4409096 50
100304328 50
134891468 50
84137263 40
72812796 50
131431957 50
72504662 50
57247637 50
50497102 50
69904453 40
68780776 50
126175574 50
74460294 50
134612955 50
39285091 40
74923043 40
35028830 40
123836830 50
102794628 50
132786486 50
102325439 50
52451541 50
63852038 50
134074810 50
132568854 40
88883890 50
63644333 50
4354073 50
139055776 50
136116568 50
125831887 50
138524576 40
120536221 50
124587187 40
63408688 40
61026908 50
128604688 50
136432777 50
58631682 50
124486824 40
137374915 40
126645356 50
132441188 50
61795520 50
59576470 50
83514699 40
58848551 50
137444724 30
63481272 50
47931790 50
136209305 50
133528527 40
131175458 50
63686319 40
138913631 30
85269919 40
49214280 40
125546785 50
136729492 50
108820031 50
121623088 50
125846982 50
102288876 50
66552634 50
72381227 40
66612132 50
74786885 50
38307781 40
119464315 40
131545244 50
59145239 50
131527494 50
138186224 50
120731669 50
36524942 40
138147783 50
89610000 50
129888594 50
21187542 40
72486400 50
98873154 50
77113989 50
134461071 50
83890574 40
63066664 40
131749198 40
134324511 40
84428483 50
132482180 40
35469101 50
106019096 40
67348033 50
47823882 40
80771449 50
46791105 50
48439426 50
62181626 50
124247478 50
50721753 50
136171825 50
127580315 50
62703970 50
129667126 50
136242897 50
121440717 40
90217363 50
48818672 50
73736961 50
131963075 50
110048369 50
90711941 40
77605076 40
58219775 50
102344136 50
135470134 50
53908862 50
127345794 50
19598735 50
$
81488535 50
139230890 50
134196709 50
121121159 50
135468115 50
127388231 50
71860049 50
47424405 50
131126442 50
121814022 50
80477682 50
91793355 40
56600434 40
75935112 50
50086256 50
136116502 50
73485664 40
134698858 50
44525821 50
136577916 30
53279905 40
132185770 50
4409096 50
100304328 50
66171715 50
83701149 50
131740688 50
122574009 50
75893501 50
77271654 50
139311784 50
72812796 50
72504662 50
119240610 50
59903214 50
57247637 50
116270086 50
50497102 50
69904453 50
136702251 50
74460294 50
51478034 50
51675029 50
65984074 50
74923043 40
123836830 50
57396518 40
132786486 40
136236062 40
136052315 40
57039476 50
102325439 50
91454246 50
133930122 50
57615935 40
107111673 50
52451541 50
137710817 50
63852038 30
130858387 40
130496108 50
88883890 50
138524576 50
120536221 50
63408688 40
61026908 50
80592792 50
136296472 50
74037266 50
115961631 50
70661446 50
137374915 40
51491347 50
56666949 50
60331188 50
53721822 50
59576470 50
58848551 50
73550521 50
137444724 50
138182622 40
49023458 50
88356225 50
55645617 40
63686319 40
45773772 50
108820031 50
129838963 50
58500469 50
72381227 40
66612132 50
115700922 40
50071224 50
38307781 40
119464315 50
59400066 50
59145239 50
42843317 50
82389718 50
2414459 50
60155180 50
70848809 40
115092605 40
89610000 50
67444588 50
131426333 50
84569100 40
53995912 40
71259453 50
58294250 50
4390470 40
48379360 40
54406289 50
77113989 50
83890574 50
81375635 50
134324511 50
14483687 50
84428483 50
3376440 40
73673659 30
132482180 50
106019096 40
59467937 50
67348033 50
80771449 50
88075202 50
46791105 40
48439426 50
132432039 50
49731141 50
40433454 50
62181626 50
46188146 50
124247478 50
35050827 40
69033323 30
138319728 50
136171825 40
56137069 50
129667126 50
56406197 50
130540894 40
131963075 50
46347016 40
90711941 50
52338301 50
131660458 50
$
81488535 50
135618364 40
67041256 50
54859134 30
84793562 50
135354339 50
72602343 50
64218290 40
75304185 50
133650745 50
72426206 50
83354029 50
134847061 50
138147783 50
139158197 50
136577916 40
83894935 50
4409096 50
79328824 50
100304328 50
137605172 50
66171715 50
130349801 50
57716182 50
131221691 50
83701149 50
126041738 50
127464203 50
2039717 50
70475603 30
41752920 50
72504662 30
136116568 50
119240610 50
45757228 50
50497102 50
33488275 50
74460294 50
51478034 50
133058251 40
35028830 50
136656542 50
123836830 50
27910549 40
132786486 40
136052315 40
136236062 40
91454246 50
120631397 40
137710817 50
134074810 50
120139983 50
61202840 50
63408688 50
61026908 50
47183443 50
139077398 50
50811235 50
70661446 50
65992716 50
56666949 50
59576470 40
83514699 40
48276437 40
58848551 50
137444724 50
63481272 50
49023458 50
4267924 40
133528527 50
72764550 50
94859250 50
63686319 40
138913631 50
137732983 40
131783374 50
131563691 10
125546785 50
59145239 50
131366965 50
108820031 50
128783347 50
129838963 50
122608844 50
104276562 50
74786885 50
59400066 50
38307781 40
119464315 50
53142647 30
82389718 50
89610000 50
131527494 50
36524942 50
129888594 50
129312588 40
90699969 50
92306282 50
54780204 50
2320257 50
137680580 40
98873154 50
81375635 50
132482180 50
67348033 50
122371956 50
80771449 50
102546806 50
96370254 50
62181626 50
133265295 50
74975671 40
136171825 50
41604448 50
129667126 50
56406197 50
136242897 40
121440717 40
90217363 50
3766785 30
73736961 50
45952823 40
46347016 40
36476588 50
110048369 40
90711941 50
53908862 50
132081845 50
26220025 50
83426776 50
48993122 50
70187438 50
131369152 50
62284782 50
131886768 50
36609901 50
121673899 50
52728523 50
47821976 40
125519331 40
48459300 50
3898792 50
94353228 50
119431401 50
129393051 50
90717979 30
46431466 50
119733416 50
59046986 50
42095518 50
136212270 50
129355770 40
135223900 50
66627911 50
50078346 50
91294728 30
51677550 50
75570688 50
133001851 50
59565359 50
138830311 50
$
63595738 50
81488535 50
51669155 50
122229839 40
75646355 50
80477682 50
91793355 40
50086256 50
83701149 50
63214705 40
100304328 50
128955629 50
125675802 40
49815117 30
122933889 50
121216453 50
75785066 50
59935679 50
72504662 50
56867988 50
59903214 50
46188146 50
136656542 50
57615935 50
51675029 50
1269929 50
123836830 40
74187051 40
72701666 50
91454246 50
87993981 50
52451541 50
63852038 40
130295516 50
52706338 50
66741851 50
63408688 40
121113521 50
3006570 50
139377489 50
70466601 50
65992716 50
64578424 50
56666949 50
59576470 50
58848551 50
73550521 40
137444724 50
49023458 50
126239848 50
64444161 50
136989090 40
61766488 50
63686319 50
51885906 50
89435562 50
131366965 50
102288876 50
38307781 40
119464315 50
138716028 50
131527494 50
136198268 40
127976095 40
80647214 50
74232348 50
35265612 40
97977278 50
54406289 50
77113989 50
83890574 50
4239816 50
126175574 50
137555231 50
4260081 50
81375635 50
96880313 50
43830326 50
48379360 50
83208334 50
33419498 50
62181626 50
80009231 50
51610407 50
130391371 50
52347601 40
124479334 50
55620981 50
135605811 50
27068382 50
87877332 50
135444314 50
78052449 50
65266802 50
62635849 40
120537657 50
48993122 50
52105471 50
36609901 50
126923894 50
38621388 50
4062896 50
69160676 50
60240908 50
91393543 40
137136639 40
2896461 50
125519331 40
63631610 50
65854801 50
122891503 50
73994161 50
61267740 50
139608834 40
4591739 40
133867495 50
54803053 50
77326712 50
50078346 50
102148062 50
66896059 50
60686370 50
139604555 40
91294728 30
138830311 50
42260098 40
108298969 40
139351321 50
59565359 50
136480511 50
49803921 40
51985591 50
72118040 50
69506323 50
139598902 50
115284786 50
135297664 50
79606486 40
54924456 40
82678258 40
4568251 40
65570357 50
136354176 50
38045149 50
29104449 50
47071616 50
130883300 50
68797277 50
133479580 40
124266239 50
59604104 50
64403051 50
134543446 40
138729214 50
76693450 50
108588669 50
$
81488535 50
40949163 50
54859134 40
138853765 50
80477682 50
41574727 40
56600434 40
131186363 50
50086256 50
67452110 50
104492031 50
10418659 40
1373254 50
30096204 50
75946730 50
4409096 50
100304328 50
50747683 50
115284786 40
72602343 40
83701149 50
46867582 40
131431957 50
138310228 40
72504662 50
57247637 50
119240610 40
116270086 50
136116568 50
50497102 50
136656542 50
51478034 50
137502504 40
123836830 50
132786486 40
129471936 50
136236062 50
57615935 30
52451541 50
128604688 50
98231147 40
62866651 40
65640434 40
130858387 40
63644333 40
133916872 50
138524576 40
51990836 40
61026908 40
136432777 50
72805274 30
50811235 50
56666949 50
134737844 50
58848551 50
137444724 50
110078337 40
133528527 40
136209305 50
135468115 50
61766488 50
63686319 50
121999090 50
84835869 50
85269919 50
135940540 40
102288876 40
125544960 50
89388424 40
66612132 50
63378626 50
129838963 50
119464315 50
59145239 50
101030577 50
2208249 50
70848809 40
4568251 50
138050477 50
129617606 50
2320257 40
120889298 50
77113989 50
132482180 40
83890574 50
81375635 50
1389065 40
138443791 30
110304301 50
76452632 50
48439426 50
48379360 50
62181626 40
94353228 50
130540894 40
46347016 50
90711941 50
36476588 50
110048369 40
52338301 50
138203056 40
135470134 50
27068382 40
78052449 50
48993122 50
69506323 40
55834735 50
52867875 50
107103023 50
124524617 50
3898792 50
139608133 50
3686117 40
135643027 50
123264870 50
22635563 40
88807603 50
102148062 50
139604555 50
136212270 50
75570688 50
138830311 40
108298969 30
47039069 50
96511356 50
130420442 50
49803921 50
69159429 40
57724162 50
139598902 50
79606486 50
136354176 50
57978267 50
47071616 50
68797277 50
80357974 50
132995743 50
76693450 50
82198031 40
122104657 50
133239170 40
$
71860049 30
121982943 50
50086256 50
42568057 50
10418659 40
84015091 30
66335099 40
4409096 50
50747683 40
72602343 50
84325006 50
83701149 50
72411034 40
77271654 50
128769519 50
3390494 50
84027703 50
72504662 50
62061071 50
50497102 50
51675029 40
27910549 40
57396518 50
136052315 40
2528687 50
107111673 50
122007529 50
52451541 50
25929909 50
88883890 50
63644333 40
49818090 40
49471896 50
136296472 50
139077398 50
137374915 40
65992716 50
49023458 50
137444724 50
63481272 50
129253408 50
126239848 50
136209305 40
63686319 50
74647041 30
63902235 40
46445426 50
60909294 40
102288876 50
59400066 30
126805865 50
42843317 50
139128601 50
50165261 40
73548999 50
138050477 50
54780204 50
54406289 50
48124053 50
34499607 50
46791105 40
48379360 40
33419498 50
62181626 40
136171825 50
108564338 40
56406197 40
130072814 50
128640121 50
90711941 40
52338301 50
137572417 40
135605811 50
134172958 40
135470134 50
52616115 50
42111921 50
2085769 50
48993122 50
52867875 50
57349503 50
36609901 50
4062896 40
65486503 50
83701337 50
46431466 40
63631610 50
94353228 50
126640822 50
91497506 50
122357496 50
73994161 50
59046986 50
131093300 40
139608133 50
76022100 50
94949440 40
4552770 50
139604555 40
75570688 50
78673342 50
42260098 50
49803921 40
51985591 50
139599791 50
69506323 50
79606486 50
3246250 50
44034206 50
136354176 50
123710346 50
47071616 50
130883300 40
126754545 50
114581074 50
132299104 50
60588744 50
134543446 40
76693450 50
133588386 50
74230217 50
138229028 50
137653815 50
136961404 50
125629510 50
127580608 50
16983671 50
47799182 40
139073691 40
104336409 50
136261681 30
66369272 50
82136129 40
61543245 50
2586217 50
96481914 50
73974685 50
133114367 50
65155400 50
91713449 50
35032628 50
51737837 40
130815061 50
49177610 50
$
81488535 50
137222165 40
71860049 50
129356588 40
44182899 50
121814022 50
56600434 40
39284917 40
10418659 40
139099083 50
69111577 50
53279905 50
4409096 50
136577916 50
102883079 50
115147666 50
127464203 40
77271654 50
49308454 40
120177811 40
84027703 40
72504662 50
71615470 50
1902232 30
51675029 50
58941349 50
138205333 50
129471936 50
71936539 50
132786486 40
81364834 40
136236062 50
92378383 50
57972505 40
62866651 30
120139983 50
88883890 50
49818090 50
134520468 40
63408688 50
136296472 40
136432777 50
124824217 30
60980982 40
126645356 50
56666949 50
59576470 40
53721822 40
83514699 40
73550521 50
58848551 50
136209305 40
133528527 40
61766488 50
66547713 40
85269919 40
45773772 50
59145239 40
49116114 40
75533679 30
108820031 40
85226455 50
50374061 50
50721178 50
89388424 50
66612132 50
38307781 40
74786885 50
119464315 50
134879624 40
68797277 50
70848809 40
69642549 50
131527494 50
129888594 40
122229839 40
72486400 50
138523828 40
77113989 50
93450332 50
67174243 50
48124053 50
83890574 50
134324511 50
138778398 40
84428483 50
138497457 50
67348033 50
67165803 50
135605811 50
80771449 40
46791105 40
48439426 40
48379360 40
86850050 50
74975671 40
3108239 30
69033323 50
2766446 40
136242897 50
130001706 50
45517078 50
139139454 40
139007332 50
138203056 50
46347016 40
103706451 40
129191002 50
135470134 50
126239848 40
52616115 50
135444314 40
26220025 40
48993122 50
49077360 30
68858619 50
60065751 50
131369152 30
62284782 50
36609901 40
127328593 50
47776967 40
125699414 50
125519331 40
81104948 50
132244971 50
3898792 40
137136639 40
2896461 50
94353228 50
90717979 40
68530523 50
59046986 50
131093300 40
139608133 50
$
81488535 50
131517022 50
3808432 50
80131230 50
71860049 50
50257306 50
3455603 50
138821629 50
50086256 40
136888025 50
91793355 50
60363608 50
63689741 50
53279905 50
80443846 50
57978267 50
84027703 50
66111087 40
72504662 50
46766109 50
46188146 40
69904453 50
115728568 50
57615935 50
92140787 40
52451541 50
63852038 40
62866651 30
49818090 40
3189714 40
73555101 50
63408688 30
65992716 50
56666949 50
58848551 50
73550521 50
54893530 50
133528527 40
124156376 50
85269919 40
91303241 50
38307781 40
139302464 50
59391449 50
90812716 50
72486400 50
138523828 40
54406289 40
83890574 50
60186664 40
128178661 50
134324511 40
84428483 40
45135037 50
73673659 40
46791105 50
103644375 50
48379360 30
62181626 50
77290020 30
86850050 50
50721753 50
40299042 50
36476588 50
136729492 50
66592117 50
110048369 50
52338301 50
135470134 50
134516953 50
26220025 30
51433287 50
48993122 50
77037984 30
46408896 50
127328593 50
52616115 40
133934636 40
36609901 40
99983803 50
80914776 50
3898792 40
126640822 30
73994161 50
58923889 40
120704773 50
139606457 40
136477564 50
50078346 50
55355246 40
48781656 50
102148062 40
121900235 40
138830311 40
38995704 40
136212270 50
90717979 50
59096480 50
131196223 50
43614255 50
32807700 50
84781473 30
53309001 40
49803921 50
139601229 50
83719821 50
54742641 50
79606486 40
122097294 50
131978478 30
43717419 50
133913751 50
67454532 50
82678258 40
129655166 50
136354176 50
69506323 50
46942670 50
47071616 50
130883300 50
130258679 50
133479580 40
55341093 50
138729214 50
132995743 50
76693450 40
74230217 50
138314608 50
133239170 40
2699586 50
103225342 50
47039069 50
114657972 50
35390529 50
$
139230890 50
71860049 50
103744729 40
68712014 50
80477682 40
56600434 40
137709676 40
133951584 50
130325412 50
88199823 40
130130087 30
50891343 50
98944241 40
53279905 50
34211772 30
59955773 40
136577916 50
83701149 50
84137263 50
80443846 40
121989645 50
56912567 50
98101886 50
109064219 50
115290634 50
72812796 40
138310228 40
65823301 50
50497102 50
69904453 40
57615935 40
123836830 40
70005643 40
128599167 50
57396518 50
136052315 40
78458137 50
102325439 50
56580592 50
120536221 40
91454246 50
4031312 40
59316925 50
43233249 40
52451541 50
122236054 50
63852038 40
130858387 50
88883890 50
63644333 40
63408688 50
47183443 50
136432777 50
70661446 50
65992716 40
137374915 40
51882798 50
60980982 40
56666949 40
132482180 50
120943599 50
58848551 50
73550521 50
121079544 40
1738272 40
138182622 40
49023458 50
4183627 30
136209305 50
114722635 40
94859250 50
133528527 40
63686319 40
51885906 50
62181626 30
71183775 50
74435589 50
42843317 50
115697701 40
121623088 50
102288876 50
58500469 50
95187116 50
138524576 50
38307781 40
59400066 50
59145239 50
54737988 50
69642549 50
49498922 50
36524942 50
138050477 50
82008062 50
37359147 30
54406289 50
126175574 50
137840158 40
134324511 40
106019096 40
54783483 50
4472921 50
137510053 50
80771449 50
46791105 40
108278976 50
139177874 30
86850050 40
48439426 50
84810654 50
136242897 50
130540894 40
36476588 50
46347016 50
90711941 50
50721753 50
110048369 50
52338301 50
138796328 50
101899713 50
135470134 50
53908862 50
94842809 40
138203056 50
83126191 40
48993122 40
49077360 50
131369152 40
52867875 40
138814256 50
125699414 50
36609901 50
129172643 50
124815164 50
135240516 50
81104948 50
46431466 40
64703908 50
83504699 50
48433802 50
91497506 50
58110573 50
94353228 50
73994161 50
$
81488535 50
121121159 50
137222165 50
115657337 50
72099145 50
137824943 40
130130087 40
66613870 50
52357915 50
115312438 50
69111577 50
40872596 50
136577916 30
66335099 50
53279905 50
100304328 50
46038574 50
72602343 50
57950973 50
77271654 50
120177811 40
131431957 50
72504662 50
51675029 50
62061071 50
107111673 50
119240610 50
50497102 50
69904453 40
136656542 50
137444724 40
53387360 50
65984074 50
57396518 40
132786486 40
139235232 50
1963507 50
136164531 50
52451541 50
57972505 50
134698858 50
62866651 40
128604688 50
137062471 40
72812796 50
120139983 50
80432634 50
49818090 40
138524576 50
120536221 40
124587187 40
63408688 40
136432777 50
61202840 50
50721753 50
56666949 50
121623088 40
59576470 50
58848551 50
1738272 40
49023458 50
120710066 50
133528527 50
63686319 40
45773772 50
63902235 40
49116114 40
135940540 50
89388424 50
59400066 50
119464315 40
134879624 40
59145239 50
138186224 50
139128601 50
60155180 50
123112253 50
36524942 40
21187542 50
53211526 40
98873154 50
33053892 50
81375635 50
138529641 50
120336940 50
51485552 50
84428483 40
132482180 50
67165803 50
4472921 50
80771449 40
58113252 50
46791105 40
122371956 50
48379360 40
49319049 30
40433454 50
62181626 50
48439426 50
129667126 50
136242897 50
36476588 50
131963075 40
57658984 50
46347016 40
110048369 50
135470134 50
53908862 50
52616115 40
127345794 50
135444314 50
46120825 50
139238480 40
49077360 50
68858619 50
131369152 50
52867875 50
36609901 50
124524617 50
125519331 30
34733138 50
46431466 50
3898792 50
94353228 50
91497506 50
59046986 30
2441031 40
135643027 50
60213171 50
139604773 50
66627911 50
54803053 50
139604555 40
69506323 40
102148062 50
121606982 50
136212270 50
66238829 50
42260098 50
138830311 50
78673342 30
$
139230890 40
122229839 50
71860049 50
57951942 50
80477682 40
36255323 50
83354029 50
50086256 40
91793355 50
137824943 50
70209071 50
138853765 40
74642907 50
115312438 50
136577916 30
84137263 50
121989645 50
63276490 30
135869676 50
72504662 50
119240610 50
50497102 50
126818106 50
2071883 50
51675029 50
74923043 50
136052315 40
132786486 50
102325439 50
66340058 50
130654776 50
92378383 40
134234106 40
57615935 30
58013131 50
43233249 50
127351848 50
52451541 50
63852038 30
50023055 40
120139983 50
88883890 50
49818090 40
61202840 50
73994161 50
63408688 40
61026908 50
136296472 50
74037266 50
4734960 50
136432777 50
126645356 50
56666949 40
50066359 50
58848551 50
132441188 50
137444724 50
122653287 40
49023458 30
4183627 40
123639058 50
94859250 50
49116114 40
87691131 50
108820031 50
139103119 40
87730263 50
50071224 40
38307781 40
119464315 50
59400066 40
134879624 40
2208249 50
139128601 50
69642549 50
107594537 50
116005944 50
72486400 50
54406289 50
77113989 50
67174243 50
48124053 40
83890574 50
132482180 40
137510053 40
50074599 40
80771449 40
61753912 50
46791105 50
48379360 40
62181626 50
50721753 40
124247478 40
48439426 50
138918157 50
136171825 50
138319728 50
68870195 40
56406197 50
85061842 50
61287224 40
90711941 40
46347016 50
138203056 40
110048369 50
36476588 50
135470134 50
53908862 40
132272414 40
48993122 50
49077360 40
60065751 50
53470682 50
138814256 50
137723248 50
3480532 50
4062896 40
125519331 40
61888159 50
38995704 50
91296160 50
90717979 40
94353228 50
59046986 10
135643027 50
2441031 30
131093300 40
125971717 40
136477564 50
132145463 30
50078346 50
102148062 50
75570688 50
136212270 40
78673342 50
4867892 40
43614255 40
$
81488535 50
139230890 50
80477682 40
70209071 40
56600434 50
135140954 50
41741073 40
102342272 40
64174690 50
67370682 30
69111577 40
72602343 50
95382029 40
122574009 50
2571425 40
72504662 50
51478034 50
81667410 40
119240610 50
136656542 40
46188146 50
57615935 40
74923043 50
123836830 40
132786486 40
102325439 50
62837988 40
101395859 50
130360009 40
62866651 40
130858387 40
120139983 30
128604688 50
49818090 50
131792783 50
56415499 50
63408688 50
136296472 50
74037266 50
132463662 50
115961631 50
65992716 50
56666949 50
132441188 50
83514699 40
58848551 50
104666436 50
137444724 40
61766488 50
63686319 50
125846982 50
54915058 50
42843317 40
66612132 50
56545752 50
139128601 50
2208249 50
120731669 50
129312588 40
53095027 50
77113989 40
83890574 50
81375635 50
126175574 50
137840158 40
57183146 50
134324511 50
48428431 40
130544100 50
124792746 50
62181626 40
138319728 50
40299042 40
136171825 40
46347016 50
110048369 40
52338301 50
112112127 50
135470134 50
138203056 50
134516953 40
57658984 50
75570688 50
132081845 50
26220025 40
48993122 50
52867875 50
136556640 50
36609901 40
133934636 50
54444977 40
58851483 40
36957705 40
3898792 50
47776967 50
125519331 40
59046986 40
120704773 50
89823193 40
92099902 50
102148062 40
136212270 40
138830311 50
42260098 40
78673342 40
47039069 50
49803921 50
2746168 50
79606486 40
61446464 50
68514552 50
56446895 50
136354176 40
1251538 40
3246250 50
46942670 40
136849663 50
47071616 40
53381748 40
55341093 50
68797277 50
132995743 50
52968030 50
64849568 30
124859063 40
62423565 50
76693450 50
82198031 40
139073691 40
138314608 40
78137840 50
135771377 50
127580608 40
62438769 50
127024293 50
138918157 50
69948239 50
69985624 50
65054559 50
50374061 50
81380039 40
136945776 50
135373771 50
61131427 50
119370737 40
66369272 50
114734252 50
138182622 50
$
1486270 30
81488535 50
139230890 50
137222165 30
75901513 50
121714764 50
56600434 40
2351722 50
10418659 40
137824943 50
73989380 40
2132616 40
59245323 50
66171715 50
83701149 50
137466112 50
80070772 50
84027703 50
72504662 50
71615470 50
138913631 30
51675029 40
136702251 50
56912567 40
123836830 40
132786486 40
91454246 50
52451541 50
57972505 50
134074810 40
120139983 40
63644333 50
55558623 50
61026908 50
63408688 50
74037266 50
115961631 50
126645356 50
59576470 40
83514699 50
138501654 40
73550521 50
137444724 50
133528527 30
126782028 50
64930918 50
85269919 50
125846982 50
34533889 40
13129748 40
108820031 50
77419257 50
102288876 50
129838963 50
138524576 40
66612132 50
50305569 50
89388424 40
70161503 40
74786885 50
119464315 40
136520138 50
134879624 40
59400066 30
59145239 50
65929985 50
139128601 50
101030577 30
2208249 50
43463611 50
60155180 40
69642549 50
120731669 50
129888594 40
89610000 50
94949440 50
129312588 40
78772769 40
124498756 50
77381403 50
26600501 50
131660458 30
73913563 50
128941186 50
131607718 50
81375635 50
132482180 40
80771449 50
25227283 50
48439426 50
62181626 40
135777400 50
55959463 50
45517078 50
46347016 50
131673956 40
138203056 40
110048369 50
52338301 40
80650595 40
68002540 50
135470134 50
52616115 40
127345794 50
135444314 50
48993122 50
139200947 50
115284786 40
138587682 50
60065751 50
131886768 50
132244971 50
130360009 40
47776967 50
3898792 50
94353228 50
91497506 50
90717979 40
135643027 50
63057308 40
139606457 40
137795473 50
50078346 50
55355246 30
136212270 40
42260098 50
4867892 50
108298969 50
132635882 50
49803921 50
79606486 50
78144333 50
$
137943957 40
135468115 50
115657337 40
122229839 40
71860049 50
2747510 50
56600434 50
48757078 40
136146890 50
50086256 40
69942514 40
10418659 40
69111577 30
102794628 50
133718465 40
53279905 50
110752603 40
77271654 50
49308454 40
70475603 50
46188146 40
51675029 40
62061071 50
51478034 50
119240610 40
136656542 50
4704070 50
47687804 50
129471936 50
132786486 40
119321352 50
62866651 40
136328673 40
88883890 50
73994161 50
61026908 50
63408688 50
136296472 50
47183443 30
65992716 40
56501599 50
126645356 50
56666949 50
59576470 40
138501654 50
58848551 50
73550521 50
2759174 40
85269919 40
45773772 50
46445426 50
49116114 40
56446895 50
102288876 40
73555101 40
119464315 50
59145239 40
2414459 50
60155180 50
70848809 50
83262608 50
110165674 40
90812716 50
117326075 50
77113989 50
54406289 40
135605811 50
126175574 50
51485552 50
84428483 50
103397941 50
106019096 40
57893829 50
80771449 50
46791105 50
48439426 40
48379360 40
40433454 50
74975671 50
136171825 40
69033323 40
40299042 40
139139454 40
70519204 40
138203056 40
110048369 40
135470134 50
53908862 50
26220025 40
3336248 50
48993122 50
49077360 30
2664199 40
29965508 50
60065751 50
36609901 40
127328593 50
4062896 40
125699414 50
125519331 30
2946082 40
94353228 50
59046986 50
139608133 50
102148062 50
50078346 40
91294728 30
138830311 50
69537822 40
59096480 50
73314042 40
49803921 50
132635882 50
51985591 50
68419229 50
79606486 50
54742641 50
2076715 40
57590698 40
47597524 40
69506323 40
82678258 50
66689721 30
136354176 50
2439961 40
46942670 40
47071616 40
103881370 50
75428363 50
124306013 40
132995743 50
124859063 40
76693450 40
104276562 50
84543620 50
65105888 50
131099085 50
137122181 40
138314608 50
$
93102985 50
122229839 40
71108612 50
80477682 50
50086256 50
129853383 50
50891343 40
48480563 50
49155241 50
132167109 10
70475603 30
121989645 50
138310228 40
131844923 50
52772687 40
131431957 50
89155855 30
50497102 50
42779858 50
58941349 40
44911825 50
57396518 40
52451541 50
77314207 40
88883890 50
63644333 40
49818090 40
72764550 40
138524576 40
73994161 50
120536221 50
122039396 50
4734960 50
72805274 50
80592792 50
65992716 50
10197030 50
73555101 50
56666949 50
49023458 30
58848551 50
52163750 50
70848809 50
134790069 50
74647041 40
54983344 20
102288876 50
138115558 50
131527494 50
75086292 50
138050477 50
21187542 50
54406289 50
47556778 40
124419486 40
79532176 50
80771449 50
46791105 40
40433454 50
62181626 50
56406197 50
63963645 50
76817530 50
131963075 50
46347016 50
47364360 50
52338301 50
110048369 40
36476588 50
53908862 50
127345794 50
57384318 50
83426776 50
132505229 50
133102980 40
55834735 50
51610407 10
62284782 50
77037984 40
36609901 50
124524617 50
4062896 50
49323025 40
67968935 50
3025857 40
1389065 40
46431466 50
57054371 50
131093300 40
73310109 50
22635563 30
50078346 50
102148062 50
55355246 50
90717979 50
4427952 50
139601479 50
136391837 50
79606486 50
103873407 50
69506323 50
68722965 50
54924456 50
74169590 50
81797322 50
1251538 40
48852055 50
46942670 40
47071616 50
130883300 50
134406393 50
133479580 50
53998892 40
134543446 40
42866518 50
52968030 50
65358568 50
82198031 50
135277973 50
74230217 50
81201807 50
125077718 50
138527842 50
135771377 40
131533540 20
130940103 40
35390529 40
127580608 50
132906114 40
121113521 30
81380039 40
133503091 50
139073691 50
56446895 50
84336542 50
102145559 40
136261681 40
73022346 50
61543245 50
98873154 50
58004310 50
73974685 50
133114367 50
$
132143197 40
121121159 50
79815118 40
115657337 50
132265338 40
72602343 50
50086256 40
10418659 40
139158197 50
73995122 50
75356324 50
69111577 50
74642907 50
53279905 50
46038574 50
84137263 50
80443846 50
138490460 50
58448710 50
4018389 40
54075524 50
72504662 50
66192943 40
45757228 50
4002268 50
136656542 40
69904453 50
128433205 50
51675029 50
131527494 50
139377489 40
132786486 40
116399092 50
2032126 40
1963507 50
136371472 40
91454246 50
52451541 50
1792819 30
130544100 50
62866651 40
44227163 50
63644333 40
49818090 40
59665595 40
50047738 40
63408688 50
136296472 50
136432777 50
65992716 50
30220620 40
137444724 50
59576470 50
73550521 40
70384866 50
55934911 40
49023458 50
133528527 30
138437913 50
72764550 40
47192696 50
61766488 30
139103119 50
102288876 50
41027352 50
95324357 50
55286128 50
123112253 50
83753448 50
75428363 30
132738466 50
48475724 50
72486400 50
54780204 40
53211526 50
98873154 50
54406289 40
69989403 40
58626785 40
128941186 50
133180444 50
120336940 50
14483687 50
48428431 50
67165803 50
139174562 40
70208746 50
64842139 50
46791105 50
48439426 50
62181626 50
127691271 50
100768513 50
108278976 50
46188146 50
74975671 30
138319728 50
36476588 50
90217363 50
52338301 50
55620981 40
128196917 50
52616115 40
26220025 40
48993122 50
53470682 40
36609901 50
137723248 50
52822911 50
119372898 50
80914776 40
69160676 50
3898792 40
59046986 50
135643027 50
120704773 50
135096530 50
31622570 40
69506323 50
60213171 40
76022100 50
54803053 50
139604773 50
36501951 50
13569936 40
84408325 30
102148062 50
55355246 40
136212270 40
90717979 50
78673342 40
108298969 40
139601229 50
49803921 50
79606486 40
2076715 40
104818082 50
139598902 40
54399661 40
$
103809963 50
94791211 40
98944241 50
127692978 40
53279905 50
75641338 50
53064653 50
68004299 50
51675029 50
59903214 50
51478034 50
132786486 50
107111673 50
134074810 50
120139983 40
57015832 50
63644333 40
136296472 40
65992716 40
56666949 50
58848551 50
137444724 40
102288876 50
81830968 50
120604506 50
38307781 40
72602343 50
38971714 50
131527494 50
55604474 50
21187542 50
47556778 50
136505850 40
81375635 40
80771449 40
40299042 40
62181626 50
56406197 50
129667126 50
133080923 50
137555231 50
134198005 40
126239848 40
138203056 50
137871522 30
69805658 50
4062896 40
93401693 40
73548999 50
126640822 40
59046986 50
76022100 40
50078346 50
119549074 50
73684814 50
79606486 40
2076715 40
121443035 50
66689721 50
3246250 40
139122683 50
47071616 50
2475095 40
134543446 40
132944741 50
65105888 50
56480029 40
103225342 50
138229028 40
60528510 30
84336542 40
131853288 50
66369272 50
69446664 30
67077469 40
88025971 40
97957511 40
133114367 50
65155400 40
115726076 40
51737837 30
129123853 50
137755432 50
80045613 50
120263248 50
1885646 50
135946149 50
126785151 50
50237080 40
139247363 40
60767239 50
2210778 40
63454618 50
58249361 40
137506485 50
75308895 50
135714570 50
75437078 40
128083476 50
131719688 50
79142522 50
138109117 30
126113156 40
77650444 50
84972499 50
1755327 50
73922809 50
60582122 50
109658306 50
76741833 40
76637190 50
37012282 50
88603453 50
2752992 50
13000339 40
104863627 40
96532533 40
138941169 30
136892446 50
76633178 50
70684381 50
84697275 50
68900095 50
88023983 50
69475039 50
3542484 40
45785556 50
63280603 50
44392983 40
106267330 50
120440959 50
134087511 50
135168941 40
58507979 40
101907760 40
53389371 50
80161322 50
139272837 30
59789470 40
139316779 50
$
81488535 50
132143197 50
40949163 30
137222165 30
49172643 50
126836323 30
80477682 50
86451116 50
56600434 40
136146890 50
136888025 50
130325412 50
56407287 40
30096204 50
54822545 50
100304328 50
59903214 50
136656542 40
57615935 40
132786486 40
129471936 50
93468834 50
49535116 50
52451541 40
130858387 50
63644333 40
49818090 40
133916872 40
73555101 50
73994161 50
1933600 40
63408688 50
132463662 50
56666949 50
58848551 50
137444724 40
49023458 40
79420813 50
102288876 50
129838963 50
134383291 50
133734499 50
59145239 50
131527494 50
77113989 50
81375635 40
84428483 50
33419498 50
62181626 40
108278976 50
40299042 50
59311710 40
138319728 50
121214387 50
138610438 40
131963075 40
57658984 50
46347016 50
138203056 50
4814494 50
53908862 50
75570688 50
48993122 40
52105471 40
77037984 50
36609901 40
127328593 50
137723248 50
51478038 50
125519331 30
97000059 50
81104948 40
3898792 50
53847648 30
139608133 50
60213171 40
50078346 50
79606486 40
49803921 40
51985591 50
2076715 40
69506323 50
8701005 50
139598902 40
47597524 50
68722965 50
54924456 40
66689721 30
136354176 50
3246250 50
97289584 30
130362055 40
47071616 50
130883300 40
68797277 50
132995743 50
82198031 40
132944741 40
67189963 40
138826517 50
69005190 40
134569513 50
127024293 40
84336542 40
56446895 50
135561967 40
106318882 40
66369272 50
137575282 50
119166102 50
73974685 50
133114367 50
65155400 50
103554299 50
45693481 40
129123853 50
131063057 40
132280872 40
30666517 50
56465258 40
76387948 50
126785151 40
25813799 40
77230986 50
36876351 40
136421996 20
42295841 50
50237080 50
54636102 50
69571693 50
78929570 50
134992836 50
137275964 40
62665475 30
83061983 50
135148240 50
102999529 50
124419726 50
1389065 50
61319571 40
135714570 50
53307509 50
120428169 40
85355646 50
131719688 50
138109117 30
138550013 40
$
75317957 50
137222165 30
129465928 50
50086256 40
46655913 30
136432777 50
69111577 40
59245323 40
121832912 50
100304328 40
83701149 50
122574009 50
56912567 50
75785066 40
72701666 40
50497102 50
72504662 50
119240610 50
74766862 50
136656542 40
37546314 30
51675029 50
123836830 50
2032126 40
132786486 40
130518352 30
52451541 50
57972505 40
53174948 50
128604688 40
137847591 50
49818090 40
73994161 50
138524576 50
120536221 50
63408688 50
136296472 50
74037266 40
115961631 50
73555101 50
131927290 50
56666949 40
58848551 50
73550521 50
61287224 50
4183627 40
9886345 50
60168432 40
59569765 50
85269919 40
34533889 30
135940540 40
102288876 40
108581533 40
138128610 50
129838963 50
134879624 40
59400066 40
138186224 40
126756864 50
42843317 50
120731669 50
129888594 40
94949440 20
90699969 50
74051782 40
53211526 50
48379360 30
77113989 50
139285903 40
60694225 40
137575561 50
81375635 50
130659016 50
114547178 50
93468834 50
84428483 40
135147564 50
132482180 40
67348033 50
48439426 50
62181626 40
40433454 50
113131916 50
136789368 50
90711941 40
84306193 50
130245413 50
90217363 50
57658984 50
110048369 50
52338301 50
124479334 50
54047177 50
2534253 50
135470134 50
127345794 50
135444314 50
78052449 50
48993122 50
139316464 40
49077360 30
69274709 50
52867875 50
128200926 40
125519331 30
3898792 40
52956842 30
91497506 50
59046986 50
135643027 50
38900864 50
136338925 50
121662152 50
66627911 40
59714517 50
102148062 40
136212270 50
75570688 50
69537822 50
78673342 50
108298969 40
61253690 50
59534718 40
102068287 50
73684814 40
43614255 40
79606486 50
49803921 50
2076715 40
139598902 50
130944083 40
121219254 30
126255228 50
129655166 50
134278051 40
136354176 50
81146283 50
47071616 50
41856145 50
54344102 50
68797277 50
53998892 40
65431582 40
132995743 50
52968030 40
82198031 40
132944741 50
74230217 40
138314608 50
114120381 40
67943724 40
$
80131230 40
139230890 40
75484691 50
55811989 50
71860049 20
37287749 40
115722743 50
89274928 40
80477682 40
91793355 50
2132616 40
4515811 40
134383291 50
1373254 40
59245323 50
59955773 40
62119628 40
93672714 50
80443846 50
70475603 30
135350043 40
40783225 50
72504662 50
62061071 50
59903214 50
136656542 40
55922564 50
137502504 50
84235049 30
102325439 40
57039476 50
136052315 40
135099276 50
107111673 50
52451541 50
122236054 50
57615935 50
130858387 50
77314207 40
123599549 50
88883890 50
63644333 30
55558623 50
73994161 50
63408688 50
135416417 30
135272531 50
73555101 50
132441188 50
56666949 40
58848551 50
137444724 30
1738272 40
138182622 40
49023458 30
43150046 50
60330570 50
54337701 40
138913631 50
91303241 50
80570062 50
102288876 40
50374061 50
119901730 30
73995122 50
2208249 50
120731669 50
75394543 50
126068535 40
4022323 30
59391449 40
108588669 50
37359147 40
56841482 40
94702183 40
58158620 50
46791105 40
48439426 50
48379360 40
3940620 50
40299042 40
135662916 50
90711941 50
85061842 50
36476588 50
131963075 50
46347016 50
110048369 40
52338301 50
80650595 30
96267853 50
53908862 50
108787992 50
133522226 40
138203056 50
83126191 50
55834735 50
125040121 50
61324193 50
46408896 40
36609901 50
127328593 50
3937684 50
69160676 50
137612030 40
122142192 50
3105262 50
91497506 50
69145597 50
76022100 40
71667852 50
102148062 40
69506323 40
136212270 40
55355246 30
79606486 40
49803921 50
137125593 50
139598902 50
69178327 50
54924456 50
136354176 50
113341177 30
68662700 40
79100715 50
55998515 40
47071616 40
130883300 50
82539508 40
84620795 50
73127195 50
68797277 50
133479580 30
46431466 50
138729214 40
135450878 40
132944741 50
82349228 50
138314608 50
1043714 50
103225342 40
66198349 40
138041177 50
131533540 50
64252440 40
$
125273522 40
52249703 50
137754049 50
136432777 50
10418659 40
52998389 50
115312438 50
59955773 30
119467743 50
80443846 50
121989645 50
129959218 50
77271654 30
52183226 50
67514339 40
72504662 40
59903214 50
136656542 40
4600677 50
136702251 50
65984074 50
74923043 50
57615935 40
123836830 50
47503427 30
102325439 50
57039476 50
136052315 40
91454246 50
51716006 50
63852038 40
137710817 50
120139983 40
137847591 50
49818090 40
73994161 50
136781646 50
3827514 50
63408688 40
50811235 40
121714764 50
88025971 40
137374915 40
73555101 40
126645356 50
10197030 50
56666949 50
137444724 50
49023458 40
131527494 50
49360508 50
49442913 50
58848551 50
73550521 50
123181412 40
120710066 40
133095436 30
136209305 50
133528527 40
56912567 50
132069594 40
85269919 40
59126924 50
121623088 50
102288876 40
59158936 50
138186224 40
2208249 50
2414459 50
36524942 40
129888594 40
132738466 40
4022323 50
21187542 50
6575514 40
90812716 40
72486400 50
55308180 50
87682419 50
54406289 40
136555864 50
77113989 40
43029653 50
84428483 50
106019096 40
80771449 50
49319049 40
62181626 50
46188146 50
138319728 40
36476588 50
96468687 50
131963075 50
46347016 50
45952823 30
52338301 50
135470134 50
52616115 40
121214387 50
48993122 50
55834735 50
29852693 40
52867875 50
54835928 50
46408896 40
132031752 50
127328593 50
97206939 40
125519331 30
81104948 50
69652586 50
3898792 40
94353228 50
42843317 40
126640822 50
90367389 50
91497506 40
52148269 50
139608133 50
56941265 50
76022100 40
22635563 40
54776272 40
136477564 50
139604555 50
122845309 50
55355246 40
136212270 50
56022280 40
75570688 50
42260098 50
90717979 50
57827688 50
43138594 40
139601479 50
79606486 40
49803921 50
47611427 50
69506323 50
51985591 50
139465066 40
135693675 50
39580291 30
123605361 50
139598902 50
119955800 50
63621607 50
56137069 40
126255228 40
3246250 40
49303961 50
71532213 50
46942670 40
54956407 50
$
64332284 50
130451462 50
52001481 50
139230890 50
33029501 50
64719573 50
62216527 40
89301021 40
42477053 40
80634882 50
56600434 40
50086256 50
136432777 50
65087582 30
76769321 40
73989380 50
130325412 50
138310228 40
2065412 50
135124043 50
42037586 50
79767246 30
74642907 50
116032592 50
56855450 10
100304328 40
52322913 50
75785066 50
133630899 50
60835916 40
51675029 50
51086413 50
50234920 40
136656542 40
128433205 50
109503768 50
57615935 40
50414764 10
102325439 50
69681419 50
59316925 50
52451541 40
130858387 40
88883890 50
63644333 40
