0 1 99.16666666666667
0 2 131.83333333333334
0 3 69.16666666666667
0 4 54.33333333333333
0 5 80.33333333333333
0 6 50.83333333333333
0 7 74.5
0 8 34.666666666666664
0 9 75.5
0 10 77.83333333333333
0 11 67.0
0 12 59.5
0 13 67.33333333333333
0 14 48.0
0 15 40.66666666666667
0 16 47.66666666666667
0 17 27.833333333333332
0 18 39.0
0 19 59.833333333333336
0 20 40.66666666666667
0 21 62.83333333333333
0 22 39.0
0 23 16.666666666666664
0 24 42.33333333333333
0 25 21.0
0 26 26.0
0 27 5.5
0 28 0.0
0 29 0.0
0 30 0.0
0 31 0.0
0 32 0.0
0 33 0.0
0 34 0.0
0 35 0.0
0 36 0.0
0 37 0.0
0 38 0.0
0 39 0.0
0 40 0.0
0 41 0.0
0 42 0.0
0 43 0.0
0 44 0.0
0 45 0.0
0 46 0.0
0 47 0.0
0 48 0.0
0 49 0.0
1 2 101.66666666666666
1 3 85.83333333333334
1 4 36.333333333333336
1 5 68.83333333333333
1 6 32.333333333333336
1 7 65.0
1 8 41.0
1 9 80.33333333333333
1 10 77.5
1 11 69.16666666666667
1 12 45.0
1 13 62.33333333333333
1 14 48.5
1 15 38.0
1 16 39.833333333333336
1 17 24.0
1 18 32.5
1 19 49.0
1 20 40.0
1 21 53.33333333333333
1 22 51.0
1 23 21.833333333333332
1 24 33.5
1 25 16.833333333333332
1 26 17.833333333333336
1 27 7.0
1 28 0.0
1 29 0.0
1 30 0.0
1 31 0.0
1 32 0.0
1 33 0.0
1 34 0.0
1 35 0.0
1 36 0.0
1 37 0.0
1 38 0.0
1 39 0.0
1 40 0.0
1 41 0.0
1 42 0.0
1 43 0.0
1 44 0.0
1 45 0.0
1 46 0.0
1 47 0.0
1 48 0.0
1 49 0.0
2 3 85.33333333333334
2 4 59.0
2 5 79.0
2 6 51.166666666666664
2 7 69.66666666666666
2 8 45.0
2 9 88.16666666666666
2 10 84.0
2 11 82.83333333333333
2 12 64.0
2 13 65.16666666666666
2 14 67.0
2 15 41.833333333333336
2 16 43.0
2 17 33.0
2 18 41.5
2 19 64.5
2 20 49.41666666666667
2 21 65.83333333333333
2 22 38.0
2 23 34.083333333333336
2 24 50.166666666666664
2 25 20.0
2 26 20.0
2 27 7.0
2 28 0.0
2 29 0.0
2 30 0.0
2 31 0.0
2 32 0.0
2 33 0.0
2 34 0.0
2 35 0.0
2 36 0.0
2 37 0.0
2 38 0.0
2 39 0.0
2 40 0.0
2 41 0.0
2 42 0.0
2 43 0.0
2 44 0.0
2 45 0.0
2 46 0.0
2 47 0.0
2 48 0.0
2 49 0.0
3 4 53.33333333333333
3 5 71.33333333333333
3 6 46.166666666666664
3 7 64.16666666666666
3 8 32.833333333333336
3 9 59.83333333333333
3 10 81.66666666666666
3 11 67.36666666666666
3 12 57.166666666666664
3 13 67.33333333333333
3 14 52.166666666666664
3 15 41.666666666666664
3 16 50.0
3 17 35.0
3 18 39.5
3 19 51.33333333333333
3 20 34.0
3 21 52.33333333333333
3 22 29.333333333333336
3 23 28.166666666666664
3 24 37.16666666666667
3 25 14.333333333333334
3 26 19.833333333333336
3 27 5.333333333333333
3 28 0.0
3 29 0.0
3 30 0.0
3 31 0.0
3 32 0.0
3 33 0.0
3 34 0.0
3 35 0.0
3 36 0.0
3 37 0.0
3 38 0.0
3 39 0.0
3 40 0.0
3 41 0.0
3 42 0.0
3 43 0.0
3 44 0.0
3 45 0.0
3 46 0.0
3 47 0.0
3 48 0.0
3 49 0.0
4 5 71.33333333333333
4 6 60.5
4 7 46.5
4 8 61.83333333333333
4 9 39.333333333333336
4 10 46.5
4 11 48.66666666666667
4 12 56.0
4 13 40.5
4 14 60.0
4 15 48.36666666666666
4 16 57.33333333333333
4 17 35.5
4 18 61.0
4 19 59.33333333333333
4 20 51.66666666666667
4 21 53.0
4 22 49.5
4 23 38.166666666666664
4 24 41.333333333333336
4 25 34.0
4 26 31.0
4 27 7.5
4 28 0.0
4 29 0.0
4 30 0.0
4 31 0.0
4 32 0.0
4 33 0.0
4 34 0.0
4 35 0.0
4 36 0.0
4 37 0.0
4 38 0.0
4 39 0.0
4 40 0.0
4 41 0.0
4 42 0.0
4 43 0.0
4 44 0.0
4 45 0.0
4 46 0.0
4 47 0.0
4 48 0.0
4 49 0.0
5 6 59.5
5 7 59.0
5 8 57.666666666666664
5 9 59.0
5 10 74.5
5 11 62.0
5 12 84.0
5 13 74.16666666666666
5 14 66.5
5 15 52.333333333333336
5 16 49.33333333333333
5 17 24.0
5 18 69.83333333333333
5 19 84.83333333333333
5 20 58.16666666666667
5 21 66.5
5 22 50.5
5 23 39.666666666666664
5 24 63.83333333333333
5 25 28.083333333333336
5 26 34.5
5 27 9.5
5 28 0.0
5 29 0.0
5 30 0.0
5 31 0.0
5 32 0.0
5 33 0.0
5 34 0.0
5 35 0.0
5 36 0.0
5 37 0.0
5 38 0.0
5 39 0.0
5 40 0.0
5 41 0.0
5 42 0.0
5 43 0.0
5 44 0.0
5 45 0.0
5 46 0.0
5 47 0.0
5 48 0.0
5 49 0.0
6 7 42.333333333333336
6 8 45.166666666666664
6 9 51.166666666666664
6 10 56.166666666666664
6 11 56.36666666666666
6 12 51.5
6 13 41.5
6 14 55.83333333333333
6 15 60.83333333333333
6 16 49.0
6 17 43.0
6 18 47.0
6 19 53.833333333333336
6 20 45.16666666666667
6 21 56.333333333333336
6 22 35.5
6 23 44.08333333333333
6 24 49.166666666666664
6 25 39.5
6 26 36.0
6 27 8.833333333333332
6 28 0.0
6 29 0.0
6 30 0.0
6 31 0.0
6 32 0.0
6 33 0.0
6 34 0.0
6 35 0.0
6 36 0.0
6 37 0.0
6 38 0.0
6 39 0.0
6 40 0.0
6 41 0.0
6 42 0.0
6 43 0.0
6 44 0.0
6 45 0.0
6 46 0.0
6 47 0.0
6 48 0.0
6 49 0.0
7 8 54.83333333333333
7 9 55.833333333333336
7 10 79.33333333333333
7 11 75.53333333333333
7 12 54.833333333333336
7 13 74.0
7 14 89.83333333333333
7 15 26.5
7 16 49.33333333333333
7 17 27.0
7 18 40.0
7 19 53.0
7 20 29.25
7 21 55.333333333333336
7 22 43.833333333333336
7 23 23.833333333333336
7 24 49.5
7 25 16.0
7 26 14.5
7 27 2.833333333333333
7 28 0.0
7 29 0.0
7 30 0.0
7 31 0.0
7 32 0.0
7 33 0.0
7 34 0.0
7 35 0.0
7 36 0.0
7 37 0.0
7 38 0.0
7 39 0.0
7 40 0.0
7 41 0.0
7 42 0.0
7 43 0.0
7 44 0.0
7 45 0.0
7 46 0.0
7 47 0.0
7 48 0.0
7 49 0.0
8 9 45.66666666666667
8 10 45.0
8 11 55.83333333333333
8 12 63.83333333333333
8 13 38.83333333333333
8 14 70.83333333333333
8 15 48.5
8 16 62.83333333333333
8 17 26.0
8 18 46.66666666666667
8 19 58.333333333333336
8 20 64.58333333333333
8 21 66.83333333333333
8 22 41.0
8 23 46.166666666666664
8 24 49.83333333333333
8 25 30.5
8 26 36.5
8 27 18.5
8 28 0.0
8 29 0.0
8 30 0.0
8 31 0.0
8 32 0.0
8 33 0.0
8 34 0.0
8 35 0.0
8 36 0.0
8 37 0.0
8 38 0.0
8 39 0.0
8 40 0.0
8 41 0.0
8 42 0.0
8 43 0.0
8 44 0.0
8 45 0.0
8 46 0.0
8 47 0.0
8 48 0.0
8 49 0.0
9 10 74.16666666666666
9 11 73.5
9 12 45.5
9 13 48.833333333333336
9 14 45.16666666666667
9 15 50.16666666666667
9 16 41.333333333333336
9 17 19.833333333333332
9 18 38.5
9 19 48.333333333333336
9 20 61.58333333333333
9 21 62.833333333333336
9 22 53.83333333333333
9 23 38.916666666666664
9 24 35.333333333333336
9 25 20.5
9 26 21.5
9 27 6.833333333333333
9 28 0.0
9 29 0.0
9 30 0.0
9 31 0.0
9 32 0.0
9 33 0.0
9 34 0.0
9 35 0.0
9 36 0.0
9 37 0.0
9 38 0.0
9 39 0.0
9 40 0.0
9 41 0.0
9 42 0.0
9 43 0.0
9 44 0.0
9 45 0.0
9 46 0.0
9 47 0.0
9 48 0.0
9 49 0.0
10 11 77.16666666666666
10 12 54.333333333333336
10 13 67.0
10 14 63.5
10 15 51.83333333333333
10 16 77.16666666666666
10 17 29.833333333333332
10 18 45.83333333333333
10 19 81.0
10 20 46.833333333333336
10 21 65.83333333333334
10 22 42.5
10 23 43.0
10 24 57.333333333333336
10 25 23.0
10 26 32.0
10 27 5.0
10 28 0.0
10 29 0.0
10 30 0.0
10 31 0.0
10 32 0.0
10 33 0.0
10 34 0.0
10 35 0.0
10 36 0.0
10 37 0.0
10 38 0.0
10 39 0.0
10 40 0.0
10 41 0.0
10 42 0.0
10 43 0.0
10 44 0.0
10 45 0.0
10 46 0.0
10 47 0.0
10 48 0.0
10 49 0.0
11 12 65.08333333333333
11 13 65.0
11 14 63.7
11 15 49.0
11 16 55.03333333333333
11 17 26.7
11 18 37.5
11 19 68.2
11 20 53.91666666666667
11 21 63.5
11 22 49.0
11 23 33.166666666666664
11 24 39.333333333333336
11 25 28.166666666666664
11 26 15.5
11 27 7.5
11 28 0.0
11 29 0.0
11 30 0.0
11 31 0.0
11 32 0.0
11 33 0.0
11 34 0.0
11 35 0.0
11 36 0.0
11 37 0.0
11 38 0.0
11 39 0.0
11 40 0.0
11 41 0.0
11 42 0.0
11 43 0.0
11 44 0.0
11 45 0.0
11 46 0.0
11 47 0.0
11 48 0.0
11 49 0.0
12 13 61.5
12 14 65.5
12 15 38.5
12 16 52.83333333333333
12 17 33.5
12 18 67.5
12 19 75.0
12 20 57.0
12 21 59.0
12 22 41.166666666666664
12 23 38.833333333333336
12 24 56.83333333333333
12 25 24.5
12 26 27.5
12 27 15.833333333333332
12 28 0.0
12 29 0.0
12 30 0.0
12 31 0.0
12 32 0.0
12 33 0.0
12 34 0.0
12 35 0.0
12 36 0.0
12 37 0.0
12 38 0.0
12 39 0.0
12 40 0.0
12 41 0.0
12 42 0.0
12 43 0.0
12 44 0.0
12 45 0.0
12 46 0.0
12 47 0.0
12 48 0.0
12 49 0.0
13 14 49.0
13 15 24.833333333333336
13 16 48.5
13 17 23.0
13 18 36.0
13 19 73.75
13 20 44.5
13 21 60.0
13 22 41.16666666666667
13 23 24.833333333333336
13 24 42.5
13 25 23.5
13 26 16.5
13 27 2.833333333333333
13 28 0.0
13 29 0.0
13 30 0.0
13 31 0.0
13 32 0.0
13 33 0.0
13 34 0.0
13 35 0.0
13 36 0.0
13 37 0.0
13 38 0.0
13 39 0.0
13 40 0.0
13 41 0.0
13 42 0.0
13 43 0.0
13 44 0.0
13 45 0.0
13 46 0.0
13 47 0.0
13 48 0.0
13 49 0.0
14 15 45.833333333333336
14 16 52.0
14 17 36.83333333333333
14 18 61.0
14 19 63.5
14 20 46.083333333333336
14 21 55.833333333333336
14 22 39.333333333333336
14 23 35.33333333333333
14 24 44.0
14 25 28.5
14 26 26.5
14 27 16.833333333333332
14 28 0.0
14 29 0.0
14 30 0.0
14 31 0.0
14 32 0.0
14 33 0.0
14 34 0.0
14 35 0.0
14 36 0.0
14 37 0.0
14 38 0.0
14 39 0.0
14 40 0.0
14 41 0.0
14 42 0.0
14 43 0.0
14 44 0.0
14 45 0.0
14 46 0.0
14 47 0.0
14 48 0.0
14 49 0.0
15 16 40.333333333333336
15 17 31.0
15 18 54.0
15 19 41.0
15 20 54.66666666666667
15 21 46.5
15 22 32.0
15 23 44.333333333333336
15 24 43.33333333333333
15 25 34.083333333333336
15 26 37.83333333333333
15 27 11.833333333333332
15 28 0.0
15 29 0.0
15 30 0.0
15 31 0.0
15 32 0.0
15 33 0.0
15 34 0.0
15 35 0.0
15 36 0.0
15 37 0.0
15 38 0.0
15 39 0.0
15 40 0.0
15 41 0.0
15 42 0.0
15 43 0.0
15 44 0.0
15 45 0.0
15 46 0.0
15 47 0.0
15 48 0.0
15 49 0.0
16 17 27.5
16 18 43.5
16 19 59.0
16 20 42.66666666666667
16 21 60.5
16 22 40.333333333333336
16 23 39.833333333333336
16 24 41.833333333333336
16 25 34.5
16 26 31.0
16 27 7.333333333333333
16 28 0.0
16 29 0.0
16 30 0.0
16 31 0.0
16 32 0.0
16 33 0.0
16 34 0.0
16 35 0.0
16 36 0.0
16 37 0.0
16 38 0.0
16 39 0.0
16 40 0.0
16 41 0.0
16 42 0.0
16 43 0.0
16 44 0.0
16 45 0.0
16 46 0.0
16 47 0.0
16 48 0.0
16 49 0.0
17 18 55.33333333333333
17 19 26.0
17 20 27.0
17 21 29.5
17 22 22.0
17 23 32.0
17 24 59.0
17 25 28.0
17 26 28.333333333333336
17 27 15.333333333333332
17 28 0.0
17 29 0.0
17 30 0.0
17 31 0.0
17 32 0.0
17 33 0.0
17 34 0.0
17 35 0.0
17 36 0.0
17 37 0.0
17 38 0.0
17 39 0.0
17 40 0.0
17 41 0.0
17 42 0.0
17 43 0.0
17 44 0.0
17 45 0.0
17 46 0.0
17 47 0.0
17 48 0.0
17 49 0.0
18 19 60.0
18 20 59.0
18 21 60.5
18 22 47.833333333333336
18 23 46.0
18 24 55.666666666666664
18 25 36.7
18 26 46.33333333333333
18 27 12.666666666666668
18 28 0.0
18 29 0.0
18 30 0.0
18 31 0.0
18 32 0.0
18 33 0.0
18 34 0.0
18 35 0.0
18 36 0.0
18 37 0.0
18 38 0.0
18 39 0.0
18 40 0.0
18 41 0.0
18 42 0.0
18 43 0.0
18 44 0.0
18 45 0.0
18 46 0.0
18 47 0.0
18 48 0.0
18 49 0.0
19 20 50.5
19 21 62.5
19 22 54.83333333333333
19 23 40.91666666666667
19 24 54.83333333333333
19 25 20.0
19 26 34.5
19 27 8.833333333333332
19 28 0.0
19 29 0.0
19 30 0.0
19 31 0.0
19 32 0.0
19 33 0.0
19 34 0.0
19 35 0.0
19 36 0.0
19 37 0.0
19 38 0.0
19 39 0.0
19 40 0.0
19 41 0.0
19 42 0.0
19 43 0.0
19 44 0.0
19 45 0.0
19 46 0.0
19 47 0.0
19 48 0.0
19 49 0.0
20 21 62.166666666666664
20 22 43.833333333333336
20 23 36.833333333333336
20 24 45.5
20 25 43.0
20 26 50.83333333333333
20 27 13.333333333333332
20 28 0.0
20 29 0.0
20 30 0.0
20 31 0.0
20 32 0.0
20 33 0.0
20 34 0.0
20 35 0.0
20 36 0.0
20 37 0.0
20 38 0.0
20 39 0.0
20 40 0.0
20 41 0.0
20 42 0.0
20 43 0.0
20 44 0.0
20 45 0.0
20 46 0.0
20 47 0.0
20 48 0.0
20 49 0.0
21 22 48.5
21 23 46.0
21 24 48.833333333333336
21 25 42.5
21 26 42.0
21 27 7.0
21 28 0.0
21 29 0.0
21 30 0.0
21 31 0.0
21 32 0.0
21 33 0.0
21 34 0.0
21 35 0.0
21 36 0.0
21 37 0.0
21 38 0.0
21 39 0.0
21 40 0.0
21 41 0.0
21 42 0.0
21 43 0.0
21 44 0.0
21 45 0.0
21 46 0.0
21 47 0.0
21 48 0.0
21 49 0.0
22 23 30.333333333333332
22 24 31.5
22 25 27.0
22 26 21.0
22 27 6.5
22 28 0.0
22 29 0.0
22 30 0.0
22 31 0.0
22 32 0.0
22 33 0.0
22 34 0.0
22 35 0.0
22 36 0.0
22 37 0.0
22 38 0.0
22 39 0.0
22 40 0.0
22 41 0.0
22 42 0.0
22 43 0.0
22 44 0.0
22 45 0.0
22 46 0.0
22 47 0.0
22 48 0.0
22 49 0.0
23 24 48.0
23 25 40.0
23 26 47.25
23 27 12.333333333333332
23 28 0.0
23 29 0.0
23 30 0.0
23 31 0.0
23 32 0.0
23 33 0.0
23 34 0.0
23 35 0.0
23 36 0.0
23 37 0.0
23 38 0.0
23 39 0.0
23 40 0.0
23 41 0.0
23 42 0.0
23 43 0.0
23 44 0.0
23 45 0.0
23 46 0.0
23 47 0.0
23 48 0.0
23 49 0.0
24 25 36.33333333333333
24 26 40.0
24 27 11.833333333333332
24 28 0.0
24 29 0.0
24 30 0.0
24 31 0.0
24 32 0.0
24 33 0.0
24 34 0.0
24 35 0.0
24 36 0.0
24 37 0.0
24 38 0.0
24 39 0.0
24 40 0.0
24 41 0.0
24 42 0.0
24 43 0.0
24 44 0.0
24 45 0.0
24 46 0.0
24 47 0.0
24 48 0.0
24 49 0.0
25 26 47.33333333333333
25 27 20.5
25 28 0.0
25 29 0.0
25 30 0.0
25 31 0.0
25 32 0.0
25 33 0.0
25 34 0.0
25 35 0.0
25 36 0.0
25 37 0.0
25 38 0.0
25 39 0.0
25 40 0.0
25 41 0.0
25 42 0.0
25 43 0.0
25 44 0.0
25 45 0.0
25 46 0.0
25 47 0.0
25 48 0.0
25 49 0.0
26 27 16.333333333333332
26 28 0.0
26 29 0.0
26 30 0.0
26 31 0.0
26 32 0.0
26 33 0.0
26 34 0.0
26 35 0.0
26 36 0.0
26 37 0.0
26 38 0.0
26 39 0.0
26 40 0.0
26 41 0.0
26 42 0.0
26 43 0.0
26 44 0.0
26 45 0.0
26 46 0.0
26 47 0.0
26 48 0.0
26 49 0.0
27 28 0.0
27 29 0.0
27 30 0.0
27 31 0.0
27 32 0.0
27 33 0.0
27 34 0.0
27 35 0.0
27 36 0.0
27 37 0.0
27 38 0.0
27 39 0.0
27 40 0.0
27 41 0.0
27 42 0.0
27 43 0.0
27 44 0.0
27 45 0.0
27 46 0.0
27 47 0.0
27 48 0.0
27 49 0.0
28 29 0.0
28 30 0.0
28 31 0.0
28 32 0.0
28 33 0.0
28 34 0.0
28 35 0.0
28 36 0.0
28 37 0.0
28 38 0.0
28 39 0.0
28 40 0.0
28 41 0.0
28 42 0.0
28 43 0.0
28 44 0.0
28 45 0.0
28 46 0.0
28 47 0.0
28 48 0.0
28 49 0.0
29 30 0.0
29 31 0.0
29 32 0.0
29 33 0.0
29 34 0.0
29 35 0.0
29 36 0.0
29 37 0.0
29 38 0.0
29 39 0.0
29 40 0.0
29 41 0.0
29 42 0.0
29 43 0.0
29 44 0.0
29 45 0.0
29 46 0.0
29 47 0.0
29 48 0.0
29 49 0.0
30 31 0.0
30 32 0.0
30 33 0.0
30 34 0.0
30 35 0.0
30 36 0.0
30 37 0.0
30 38 0.0
30 39 0.0
30 40 0.0
30 41 0.0
30 42 0.0
30 43 0.0
30 44 0.0
30 45 0.0
30 46 0.0
30 47 0.0
30 48 0.0
30 49 0.0
31 32 0.0
31 33 0.0
31 34 0.0
31 35 0.0
31 36 0.0
31 37 0.0
31 38 0.0
31 39 0.0
31 40 0.0
31 41 0.0
31 42 0.0
31 43 0.0
31 44 0.0
31 45 0.0
31 46 0.0
31 47 0.0
31 48 0.0
31 49 0.0
32 33 0.0
32 34 0.0
32 35 0.0
32 36 0.0
32 37 0.0
32 38 0.0
32 39 0.0
32 40 0.0
32 41 0.0
32 42 0.0
32 43 0.0
32 44 0.0
32 45 0.0
32 46 0.0
32 47 0.0
32 48 0.0
32 49 0.0
33 34 0.0
33 35 0.0
33 36 0.0
33 37 0.0
33 38 0.0
33 39 0.0
33 40 0.0
33 41 0.0
33 42 0.0
33 43 0.0
33 44 0.0
33 45 0.0
33 46 0.0
33 47 0.0
33 48 0.0
33 49 0.0
34 35 0.0
34 36 0.0
34 37 0.0
34 38 0.0
34 39 0.0
34 40 0.0
34 41 0.0
34 42 0.0
34 43 0.0
34 44 0.0
34 45 0.0
34 46 0.0
34 47 0.0
34 48 0.0
34 49 0.0
35 36 0.0
35 37 0.0
35 38 0.0
35 39 0.0
35 40 0.0
35 41 0.0
35 42 0.0
35 43 0.0
35 44 0.0
35 45 0.0
35 46 0.0
35 47 0.0
35 48 0.0
35 49 0.0
36 37 0.0
36 38 0.0
36 39 0.0
36 40 0.0
36 41 0.0
36 42 0.0
36 43 0.0
36 44 0.0
36 45 0.0
36 46 0.0
36 47 0.0
36 48 0.0
36 49 0.0
37 38 0.0
37 39 0.0
37 40 0.0
37 41 0.0
37 42 0.0
37 43 0.0
37 44 0.0
37 45 0.0
37 46 0.0
37 47 0.0
37 48 0.0
37 49 0.0
38 39 0.0
38 40 0.0
38 41 0.0
38 42 0.0
38 43 0.0
38 44 0.0
38 45 0.0
38 46 0.0
38 47 0.0
38 48 0.0
38 49 0.0
39 40 0.0
39 41 0.0
39 42 0.0
39 43 0.0
39 44 0.0
39 45 0.0
39 46 0.0
39 47 0.0
39 48 0.0
39 49 0.0
40 41 0.0
40 42 0.0
40 43 0.0
40 44 0.0
40 45 0.0
40 46 0.0
40 47 0.0
40 48 0.0
40 49 0.0
41 42 0.0
41 43 0.0
41 44 0.0
41 45 0.0
41 46 0.0
41 47 0.0
41 48 0.0
41 49 0.0
42 43 0.0
42 44 0.0
42 45 0.0
42 46 0.0
42 47 0.0
42 48 0.0
42 49 0.0
43 44 0.0
43 45 0.0
43 46 0.0
43 47 0.0
43 48 0.0
43 49 0.0
44 45 0.0
44 46 0.0
44 47 0.0
44 48 0.0
44 49 0.0
45 46 0.0
45 47 0.0
45 48 0.0
45 49 0.0
46 47 0.0
46 48 0.0
46 49 0.0
47 48 0.0
47 49 0.0
48 49 0.0
